# Name: Marker 04-Marker 03
# Variable_type: slip rate
# Unit: mm/y
0.0055555556,0.0
0.0155555556,0.0
0.0255555556,0.0
0.0355555556,0.0
0.0455555556,0.0
0.0555555556,0.0
0.0655555556,0.0
0.0755555556,0.0
0.0855555556,0.0
0.0955555556,0.0
0.1055555556,0.0
0.1155555556,0.0
0.1255555556,5.759370868110058e-13
0.1355555556,4.037668582209018e-11
0.1455555556,7.227327667102047e-10
0.1555555556,6.294072412606863e-09
0.1655555556,3.4610058616725254e-08
0.1755555556,1.3851331185852854e-07
0.1855555556,4.3983241836441874e-07
0.1955555556,1.1720648366752471e-06
0.2055555556,2.724384047193112e-06
0.2155555556,5.679033867765814e-06
0.2255555556,1.0837260954810728e-05
0.2355555556,1.9231710476331602e-05
0.2455555556,3.212640291843113e-05
0.2555555556,5.100707679035092e-05
0.2655555556,7.75648685857448e-05
0.2755555556,0.00011367588404568178
0.2855555556,0.00016138048963963778
0.2955555556,0.00022285932110884478
0.3055555556,0.0003004180545615692
0.3155555556,0.00039646441600115943
0.3255555556,0.000513494412752782
0.3355555556,0.0006540777489945784
0.3455555556,0.0008208460539492339
0.3555555556,0.0010164823935505099
0.3655555556,0.0012437133902945474
0.3755555556,0.0015053009462346852
0.3855555556,0.0018040370149215764
0.3955555556,0.0021427392810854083
0.4055555556,0.002524245036349615
0.4155555556,0.0029514103785897756
0.4255555556,0.0034271038325257436
0.4355555556,0.003954212433750173
0.4455555556,0.00453562173759695
0.4555555556,0.005174237525688741
0.4655555556,0.005872965992293567
0.4755555556,0.006634716422052088
0.4855555556,0.007462416640140103
0.4955555556,0.008358973653343146
0.5055555556,0.009327307176383845
0.5155555556,0.010370329604933557
0.5255555556,0.011490940852154038
0.5355555556,0.012692041815306358
0.5455555556,0.013976493944776692
0.5555555556,0.01534710749526709
0.5655555556,0.01680679977127357
0.5755555556,0.018358232716563644
0.5855555556,0.02000415317724341
0.5955555556,0.021747207545687364
0.6055555556,0.023589965577550664
0.6155555556,0.025534905143904846
0.6255555556,0.02758441151687235
0.6355555556,0.029740717622007994
0.6455555556,0.03200597139912583
0.6555555556,0.03438215808181377
0.6655555556,0.03687109675322353
0.6755555556,0.03947444250938107
0.6855555556,0.042193672793635104
0.6955555556,0.04503007037095524
0.7055555556,0.04798471561416105
0.7155555556,0.05105848172194622
0.7255555556,0.05425200376731456
0.7355555556,0.05756572107462555
0.7455555556,0.06099982043334558
0.7555555556,0.06455425982823564
0.7655555556,0.0682287586983729
0.7755555556,0.07202279450295235
0.7855555556,0.07593560413338282
0.7955555556,0.07996618438728506
0.8055555556,0.0841132888999752
0.8155555556,0.08837543806758122
0.8255555556,0.09275091359040877
0.8355555556,0.09723776610761088
0.8455555556,0.10183382942225784
0.8555555556,0.10653669940886376
0.8655555556,0.11134376882279627
0.8755555556,0.11625221851137867
0.8855555556,0.12125902796869571
0.8955555556,0.12636098229019613
0.9055555556,0.13155467992381245
0.9155555556,0.13683655216636656
0.9255555556,0.14220284030982058
0.9355555556,0.14764964302031713
0.9455555556,0.15317290494911534
0.9555555556,0.15876842965074187
0.9655555556,0.1644318900554692
0.9755555556,0.17015883594215014
0.9855555556,0.17594471840872702
0.9955555556,0.18178486966205573
1.0055555556,0.18767455301124605
1.0155555556,0.1936089406508387
1.0255555556,0.1995831357203615
1.0355555556,0.20559219268280124
1.0455555556,0.21163111492877648
1.0555555556,0.21769486621702558
1.0655555556,0.2237783883105902
1.0755555556,0.22987660704591367
1.0855555556,0.2359844400986374
1.0955555556,0.24209681137770578
1.1055555556,0.24820865680422816
1.1155555556,0.25431494845784985
1.1255555556,0.26041065403926233
1.1355555556,0.2664908315211742
1.1455555556,0.2725505570532591
1.1555555556,0.27858497498928464
1.1655555556,0.28458929435557634
1.1755555556,0.2905587762629213
1.1855555556,0.2964888527512444
1.1955555556,0.30237490999083755
1.2055555556,0.308212513782158
1.2155555556,0.31399731532437425
1.2255555556,0.3197250673725595
1.2355555556,0.32539163564493073
1.2455555556,0.33099298618327244
1.2555555556,0.33652527073500393
1.2655555556,0.3419846531529104
1.2755555556,0.3473675275622213
1.2855555556,0.3526703743290042
1.2955555556,0.35788981046983903
1.3055555556,0.36302260417841126
1.3155555556,0.36806565238841815
1.3255555556,0.3730159903563076
1.3355555556,0.3778708119622096
1.3455555556,0.38262743874752214
1.3555555556,0.3872833465375198
1.3655555556,0.391836150984804
1.3755555556,0.3962836184177623
1.3855555556,0.40062365572611347
1.3955555556,0.4048543182554824
1.4055555556,0.4089737987711296
1.4155555556,0.4129804455281058
1.4255555556,0.4168726696520144
1.4355555556,0.4206493112838131
1.4455555556,0.4243088923197634
1.4555555556,0.42785042008285146
1.4655555556,0.43127291780566235
1.4755555556,0.4345755528592676
1.4855555556,0.43775762487544645
1.4955555556,0.4408185612507068
1.5055555556,0.44375791504758383
1.5155555556,0.4465753730429002
1.5255555556,0.44927069888456894
1.5355555556,0.4518438429984908
1.5455555556,0.45429480905696057
1.5555555556,0.45662374850493637
1.5655555556,0.45883088599713184
1.5755555556,0.4609165896920733
1.5855555556,0.4628813011768315
1.5955555556,0.4647255655114413
1.6055555556,0.4664500257567089
1.6155555556,0.4680554115928997
1.6255555556,0.4695425402136163
1.6355555556,0.47091231046471266
1.6455555556,0.47216570874925
1.6555555556,0.47330378529259015
1.6655555556,0.47432742882104006
1.6755555556,0.4752385725269838
1.6855555556,0.47603774148996975
1.6955555556,0.47672650719875415
1.7055555556,0.47730626592843567
1.7155555556,0.47777845308941375
1.7255555556,0.4781445638425128
1.7355555556,0.47840613966857026
1.7455555556,0.478564770581142
1.7555555556,0.47862208597032163
1.7655555556,0.4785798007160199
1.7755555556,0.47843949699618676
1.7855555556,0.4782030304472134
1.7955555556,0.4778721534609716
1.8055555556,0.47744864600588455
1.8155555556,0.47693434961126424
1.8255555556,0.47633105813363996
1.8355555556,0.475640696351601
1.8455555556,0.474865122413792
1.8555555556,0.4740062330513974
1.8655555556,0.47306593766038696
1.8755555556,0.47204612026498777
1.8855555556,0.4709488002108746
1.8955555556,0.4697758141542748
1.9055555556,0.46852914473040247
1.9155555556,0.4672106684059546
1.9255555556,0.46582237516310343
1.9355555556,0.4643661773698064
1.9455555556,0.4628439898986871
1.9555555556,0.4612577437315623
1.9655555556,0.45960934312200025
1.9755555556,0.45790069194460037
1.9855555556,0.45613367029560004
1.9955555556,0.4543099516849342
2.0055555556,0.4524320329887215
2.0155555556,0.45050115157932524
2.0255555556,0.448519308468556
2.0355555556,0.4464883322783834
2.0455555556,0.44441001800419877
2.0555555556,0.44228614550199163
2.0655555556,0.4401184628635332
2.0755555556,0.437908703653223
2.0855555556,0.43565858185085743
2.0955555556,0.4333697800285525
2.1055555556,0.43104395462306055
2.1155555556,0.428682771275172
2.1255555556,0.42628781997717274
2.1355555556,0.42386069263243903
2.1455555556,0.4214029541451085
2.1555555556,0.418916134568992
2.1655555556,0.4164017477828702
2.1755555556,0.41386127456145144
2.1855555556,0.41129616435987537
2.1955555556,0.4087078515095639
2.2055555556,0.40609771632019304
2.2155555556,0.4034671444855487
2.2255555556,0.40081746550932007
2.2355555556,0.39815000428326985
2.2455555556,0.3954660375465569
2.2555555556,0.39276681843975175
2.2655555556,0.39005357550593855
2.2755555556,0.3873275088294154
2.2855555556,0.38458978512619324
2.2955555556,0.38184154955844124
2.3055555556,0.3790838931778793
2.3155555556,0.3763179609891464
2.3255555556,0.37354475412446125
2.3355555556,0.37076531175964095
2.3455555556,0.3679806455883786
2.3555555556,0.3651917290139685
2.3655555556,0.3623995089506944
2.3755555556,0.35960490443190796
2.3855555556,0.3568088117402565
2.3955555556,0.3540120976883807
2.4055555556,0.35121560712298416
2.4155555556,0.34842015387329917
2.4255555556,0.34562653185743736
2.4355555556,0.3428355059108055
2.4455555556,0.34004782139712764
2.4555555556,0.33726419645645495
2.4655555556,0.33448532044667245
2.4755555556,0.33171187058063173
2.4855555556,0.32894448830081335
2.4955555556,0.3261842586070634
2.5055555556,0.3234306185239216
2.5155555556,0.3206849314938977
2.5255555556,0.31794785963694844
2.5355555556,0.3152197789576564
2.5455555556,0.31250119384605196
2.5555555556,0.3097926102712533
2.5655555556,0.3070945010303609
2.5755555556,0.3044073234291328
2.5855555556,0.3017315244928821
2.5955555556,0.2990675168423773
2.6055555556,0.2964157103470881
2.6155555556,0.2937764880869846
2.6255555556,0.29115022284692577
2.6355555556,0.2885372579702914
2.6455555556,0.2859379369804538
2.6555555556,0.28335257410868503
2.6655555556,0.2807814813090147
2.6755555556,0.2782249226083454
2.6855555556,0.2756831942663247
2.6955555556,0.2731565480110121
2.7055555556,0.27064522732527174
2.7155555556,0.2681494636577587
2.7255555556,0.26566951937699873
2.7355555556,0.26320546058062944
2.7455555556,0.2607576149181662
2.7555555556,0.2583261152002749
2.7655555556,0.25591113373576097
2.7755555556,0.2535128181978894
2.7855555556,0.25113131688820756
2.7955555556,0.24876676216055812
2.8055555556,0.24641927789924403
2.8155555556,0.24408897538235555
2.8255555556,0.24177595645018937
2.8355555556,0.2394803104634761
2.8455555556,0.23720212122938908
2.8555555556,0.23494140313142603
2.8655555556,0.23269841605123714
2.8755555556,0.2304730156922344
2.8855555556,0.22826531920768728
2.8955555556,0.22607536355688648
2.9055555556,0.2239031878860561
2.9155555556,0.22174881069294144
2.9255555556,0.21961225459578562
2.9355555556,0.21749353098481256
2.9455555556,0.2153926409173848
2.9555555556,0.21330958659079097
2.9655555556,0.21124435780962234
2.9755555556,0.20919694230064917
2.9855555556,0.20716731981454645
2.9955555556,0.2051554672544718
3.0055555556,0.20316134819358544
3.0155555556,0.20118493697819878
3.0255555556,0.19922618404035203
3.0355555556,0.19728504980635084
3.0455555556,0.19536148493140845
3.0555555556,0.19345543199763193
3.0655555556,0.19156683687332846
3.0755555556,0.1896956280202642
3.0855555556,0.1878417639229877
3.0955555556,0.18600515017328048
3.1055555556,0.1841857292364464
3.1155555556,0.1823834177680982
3.1255555556,0.18059814007426347
3.1355555556,0.17882981031134862
3.1455555556,0.17707834901029487
3.1555555556,0.17534366684349545
3.1655555556,0.17362567291094366
3.1755555556,0.17192427699136095
3.1855555556,0.17023938203671915
3.1955555556,0.16857089071121706
3.2055555556,0.16691870984949622
3.2155555556,0.16528273077087388
3.2255555556,0.16366286087506113
3.2355555556,0.16205898680985786
3.2455555556,0.1604710041892257
3.2555555556,0.15889880821991995
3.2655555556,0.15734229106997402
3.2755555556,0.15580133811407101
3.2855555556,0.15427584982319262
3.2955555556,0.15276569047260471
3.3055555556,0.1512707804879542
3.3155555556,0.14979101041042894
3.3255555556,0.14832659805675494
3.3355555556,0.14687641668609716
3.3455555556,0.14544094673740712
3.3555555556,0.14402060595383384
3.3655555556,0.14261463004884825
3.3755555556,0.14122310320812445
3.3855555556,0.13984584672632885
3.3955555556,0.13848277682023472
3.4055555556,0.13713376763511995
3.4155555556,0.13579869624728852
3.4255555556,0.13447744109759113
3.4355555556,0.1331698855886531
3.4455555556,0.13187591305527085
3.4555555556,0.13059539653773652
3.4655555556,0.1293282214096666
3.4755555556,0.12807426601590827
3.4855555556,0.12683341035106366
3.4955555556,0.12560553494191445
3.5055555556,0.12439052036818235
3.5155555556,0.1231882467474097
3.5255555556,0.12199859542743222
3.5355555556,0.12082144790966184
3.5455555556,0.11965668753547588
3.5555555556,0.11850419281877053
3.5655555556,0.11736384890396158
3.5755555556,0.11623553956839622
3.5855555556,0.11511914164818197
3.5955555556,0.11401454673949397
3.6055555556,0.11292163507707546
3.6155555556,0.11184029201170394
3.6255555556,0.11077040452279162
3.6355555556,0.10971186330534204
3.6455555556,0.10866453281543616
3.6555555556,0.10762832312883305
3.6655555556,0.10660311549322629
3.6755555556,0.10558879820194046
3.6855555556,0.10458526722819257
3.6955555556,0.10359238955133497
3.7055555556,0.10261007825371858
3.7155555556,0.10163821748181066
3.7255555556,0.10067669848227474
3.7355555556,0.09972541336845063
3.7455555556,0.0987842400238981
3.7555555556,0.09785312169449964
3.7655555556,0.09693190684784446
3.7755555556,0.09602049976992544
3.7855555556,0.09511880395455193
3.7955555556,0.09422671375436983
3.8055555556,0.0933441284576476
3.8155555556,0.09247094480655545
3.8255555556,0.09160706458944917
3.8355555556,0.09075238745894748
3.8455555556,0.08990682102716605
3.8555555556,0.08907024794245604
3.8655555556,0.08824258939543571
3.8755555556,0.08742374449347103
3.8855555556,0.08661361761741758
3.8955555556,0.08581211215147788
3.9055555556,0.08501913643451761
3.9155555556,0.08423459683800405
3.9255555556,0.08345840046735331
3.9355555556,0.08269045777274428
3.9455555556,0.0819306764691676
3.9555555556,0.08117896895658742
3.9655555556,0.08043524482164875
3.9755555556,0.07969941381750721
3.9855555556,0.07897139240239154
3.9955555556,0.07825105158630562
4.0055555556,0.07753852380301363
4.0155555556,0.07683332917949279
4.0255555556,0.07613569600727424
4.0355555556,0.07544543894280922
4.0455555556,0.07476248918111582
4.0555555556,0.07408676151177389
4.0655555556,0.0734181759666762
4.0755555556,0.0727566513457252
4.0855555556,0.072102112158234
4.0955555556,0.07145447814459993
4.1055555556,0.07081367098326898
4.1155555556,0.07017961671567367
4.1255555556,0.06955223626617166
4.1355555556,0.06893145741355869
4.1455555556,0.06831720640645796
4.1555555556,0.06770940733520642
4.1655555556,0.06710799023127836
4.1755555556,0.06651288066135644
4.1855555556,0.06592400916953778
4.1955555556,0.06534130825700864
4.2055555556,0.06476470384487704
4.2155555556,0.06419412935172555
4.2255555556,0.06362951653145411
4.2355555556,0.06307079705004087
4.2455555556,0.06251790658989854
4.2555555556,0.061970777652301086
4.2655555556,0.06142934650593667
4.2755555556,0.060893547860724186
4.2855555556,0.060363301267037726
4.2955555556,0.05983859293815807
4.3055555556,0.059319309470735465
4.3155555556,0.058805408123137316
4.3255555556,0.05829682858722466
4.3355555556,0.057793511678486266
4.3455555556,0.0572953956287317
4.3555555556,0.05680242131701061
4.3655555556,0.056314531919976624
4.3755555556,0.05583167263186474
4.3855555556,0.05535377630062637
4.3955555556,0.054880797502956546
4.4055555556,0.05441267618772119
4.4155555556,0.053949357808220806
4.4255555556,0.053490788753556416
4.4355555556,0.05303691367023567
4.4455555556,0.05258769142458023
4.4555555556,0.052143038870368266
4.4655555556,0.051702933410661685
4.4755555556,0.05126731392020712
4.4855555556,0.05083612946361955
4.4955555556,0.0504093314528357
4.5055555556,0.04998686871624341
4.5155555556,0.049568691784530064
4.5255555556,0.04915475537583943
4.5355555556,0.04874500829773951
4.5455555556,0.0483393999849764
4.5555555556,0.04793789758866848
4.5655555556,0.047540441375026304
4.5755555556,0.047146989477739064
4.5855555556,0.04675749752084073
4.5955555556,0.046371921533300255
4.6055555556,0.04599021408116183
4.6155555556,0.04561233455001405
4.6255555556,0.04523824103802964
4.6355555556,0.044867889305238676
4.6455555556,0.04450123663247743
4.6555555556,0.044138241819925796
4.6655555556,0.04377886390343794
4.6755555556,0.043423064060763863
4.6855555556,0.04307080013858189
4.6955555556,0.042722032153753135
4.7055555556,0.04237672525133609
4.7155555556,0.04203483377197655
4.7255555556,0.04169632480229596
4.7355555556,0.041361154659879565
4.7455555556,0.04102929864725752
4.7555555556,0.0407007060818337
4.7655555556,0.040375346802771835
4.7755555556,0.040053182420935265
4.7855555556,0.03973417970208133
4.7955555556,0.03941830393984252
4.8055555556,0.03910551794160119
4.8155555556,0.038795787517645015
4.8255555556,0.03848908345662629
4.8355555556,0.03818536667944823
4.8455555556,0.037884601091553755
4.8555555556,0.037586761495909136
4.8655555556,0.03729181150222589
4.8755555556,0.03699972466455887
4.8855555556,0.03671045943515575
4.8955555556,0.036423995593036274
4.9055555556,0.03614029176438222
4.9155555556,0.03585931851550258
4.9255555556,0.03558104633540543
4.9355555556,0.03530547607645336
4.9455555556,0.0350325260665321
4.9555555556,0.034762192055953295
4.9655555556,0.034494448890664844
4.9755555556,0.03422915167045239
4.9855555556,0.033966587594713445
4.9955555556,0.033706613387765615
5.0055555556,0.033448944560588806
5.0155555556,0.033193683932274155
5.0255555556,0.032940672502814225
5.0355555556,0.032690374804380154
5.0455555556,0.032442345002711336
5.0555555556,0.03219666113671724
5.0655555556,0.03195329331083895
5.0755555556,0.03171219404860219
5.0855555556,0.03147340293892194
5.0955555556,0.031236833891719492
5.1055555556,0.031002484136542385
5.1155555556,0.030770327490407746
5.1255555556,0.030540350853846855
5.1355555556,0.03031251558539515
5.1455555556,0.03008680851283363
5.1555555556,0.02986319952019113
5.1655555556,0.029641671001561308
5.1755555556,0.029422203489895073
5.1855555556,0.0292047650262635
5.1955555556,0.028989340984890186
5.2055555556,0.028775909312179864
5.2155555556,0.028564448666687517
5.2255555556,0.02835493423586733
5.2355555556,0.02814734802645582
5.2455555556,0.02794167171865759
5.2555555556,0.027737882839752162
5.2655555556,0.027535959651674727
5.2755555556,0.0273358831193387
5.2855555556,0.027137636647693676
5.2955555556,0.02694119147770864
5.3055555556,0.026746543424251368
5.3155555556,0.02655366225763187
5.3255555556,0.026362532293826246
5.3355555556,0.02617313669418772
5.3455555556,0.025985451626914395
5.3555555556,0.02579946692836462
5.3655555556,0.025615157968897108
5.3755555556,0.025432510535203696
5.3855555556,0.02525150919185647
5.3955555556,0.025072128666054933
5.4055555556,0.024894360034063968
5.4155555556,0.024718181550009214
5.4255555556,0.024543582372506603
5.4355555556,0.024370540356359716
5.4455555556,0.02419904042447857
5.4555555556,0.02402907158564495
5.4655555556,0.02386060555716054
5.4755555556,0.02369363882677372
5.4855555556,0.023528151406911765
5.4955555556,0.023364128768095616
5.5055555556,0.023201554500916603
5.5155555556,0.02304041388725643
5.5255555556,0.022880692323836493
5.5355555556,0.022722376661566346
5.5455555556,0.022565450451656716
5.5555555556,0.02240989212438386
5.5655555556,0.022255709908408583
5.5755555556,0.022102867382022516
5.5855555556,0.02195135860697876
5.5955555556,0.02180117006920712
5.6055555556,0.02165228847466398
5.6155555556,0.02150469963659802
5.6255555556,0.021358391840744576
5.6355555556,0.021213348738077235
5.6455555556,0.021069560390958437
5.6555555556,0.020927013908992417
5.6655555556,0.020785695167426205
5.6755555556,0.020645593243148797
5.6855555556,0.020506694362337412
5.6955555556,0.020368987574390155
5.7055555556,0.020232456295791863
5.7155555556,0.020097105832000313
5.7255555556,0.01996289516487427
5.7355555556,0.01982983622395172
5.7455555556,0.019697908978797325
5.7555555556,0.01956710263556452
5.7655555556,0.01943740651527792
5.7755555556,0.019308809348654227
5.7855555556,0.019181299977589213
5.7955555556,0.01905486767352289
5.8055555556,0.018929500737147387
5.8155555556,0.018805190955730522
5.8255555556,0.018681925907481387
5.8355555556,0.018559689871493756
5.8455555556,0.018438488274715826
5.8555555556,0.018318296167034828
5.8655555556,0.01819910789083178
5.8755555556,0.018080914259976273
5.8855555556,0.01796370418074014
5.8955555556,0.017847470167913115
5.9055555556,0.01773220053869823
5.9155555556,0.017617886399692584
5.9255555556,0.017504518960870588
5.9355555556,0.017392087106697547
5.9455555556,0.01728058403866255
5.9555555556,0.01716999969747834
5.9655555556,0.017060323554940728
5.9755555556,0.01695155033147234
5.9855555556,0.01684366905140201
5.9955555556,0.016736661658265817
6.0055555556,0.016630519227787553
6.0155555556,0.016525285787544575
6.0255555556,0.016420884709753298
6.0355555556,0.01631733213504654
6.0455555556,0.016214623780928635
6.0555555556,0.016112746270905323
6.0655555556,0.016011694445175178
6.0755555556,0.015911459680346605
6.0855555556,0.015812033151764465
6.0955555556,0.015713409843848416
6.1055555556,0.015615579375915175
6.1155555556,0.015518534671825585
6.1255555556,0.015422269185637164
6.1355555556,0.015326774049589296
6.1455555556,0.015232043158717162
6.1555555556,0.015138068113270162
6.1655555556,0.015044843440255576
6.1755555556,0.014952359886383599
6.1855555556,0.01486061248394862
6.1955555556,0.0147695922797877
6.2055555556,0.01467929387346322
6.2155555556,0.01458970912288775
6.2255555556,0.014500832843001653
6.2355555556,0.014412656477518737
6.2455555556,0.014325173136404102
6.2555555556,0.014238388448480634
6.2655555556,0.014152269409381973
6.2755555556,0.014066832139157171
6.2855555556,0.013982062834050171
6.2955555556,0.013897956431855728
6.3055555556,0.0138145058871936
6.3155555556,0.01373170581398952
6.3255555556,0.013649549425003413
6.3355555556,0.013568030835224114
6.3455555556,0.013487144522740632
6.3555555556,0.013406884114372946
6.3655555556,0.013327244297554488
6.3755555556,0.013248219170361132
6.3855555556,0.013169802681410802
6.3955555556,0.013091989547831258
6.4055555556,0.013014774130739636
6.4155555556,0.012938150735770187
6.4255555556,0.01286211591734593
6.4355555556,0.012786659515108484
6.4455555556,0.01271178044410544
6.4555555556,0.012637471931034911
6.4655555556,0.012563729022733094
6.4755555556,0.01249054659480592
6.4855555556,0.012417919360092908
6.4955555556,0.012345842330282013
6.5055555556,0.012274310537377963
6.5155555556,0.01220331830617019
6.5255555556,0.012132862350549127
6.5355555556,0.012062936575202545
6.5455555556,0.01199353647298588
6.5555555556,0.011924657159232828
6.5655555556,0.011856293318223722
6.5755555556,0.01178844215472679
6.5855555556,0.011721097743897478
6.5955555556,0.011654257689917203
6.6055555556,0.011587911800045765
6.6155555556,0.011522059998913068
6.6255555556,0.011456696413169083
6.6355555556,0.011391817406743795
6.6455555556,0.011327406252032293
6.6555555556,0.011263459806742876
6.6655555556,0.011200044882556765
6.6755555556,0.011137045060006368
6.6855555556,0.011074563045437913
6.6955555556,0.011012492397134619
6.7055555556,0.010950887763639955
6.7155555556,0.010889734675797187
6.7255555556,0.01082903019695481
6.7355555556,0.010768766307616749
6.7455555556,0.010708943150186593
6.7555555556,0.010649556686667526
6.7655555556,0.010590600515441341
6.7755555556,0.01053207294544862
6.7855555556,0.010473968371107336
6.7955555556,0.010416284970102082
6.8055555556,0.010359017617940766
6.8155555556,0.010302163988445114
6.8255555556,0.0102457190061408
6.8355555556,0.01018968107604247
6.8455555556,0.010134044608994286
6.8555555556,0.010078807972610073
6.8655555556,0.010023966112759566
6.8755555556,0.009969516870372317
6.8855555556,0.009915455202307936
6.8955555556,0.009861779094890454
6.9055555556,0.009808485390074596
6.9155555556,0.00975557015236819
6.9255555556,0.009703028241009585
6.9355555556,0.009650862647753578
6.9455555556,0.00959906377798145
6.9555555556,0.009547630918079341
6.9655555556,0.009496560439493557
6.9755555556,0.009445850152704006
6.9855555556,0.00939549583512614
6.9955555556,0.009345496468675796
7.0055555556,0.009295847076952218
7.0155555556,0.009246542068116283
7.0255555556,0.00919758404062625
7.0355555556,0.009148967207130366
7.0455555556,0.009100689514071553
7.0555555556,0.00905274825373514
7.0655555556,0.009005138556706038
7.0755555556,0.008957859832292449
7.0855555556,0.008910908955476296
7.0955555556,0.008864281604794449
7.1055555556,0.008817977382283248
7.1155555556,0.008771991964550195
7.1255555556,0.008726323243559377
7.1355555556,0.008680973735867932
7.1455555556,0.008635926777668407
7.1555555556,0.008591190178366116
7.1655555556,0.008546761126676078
7.1755555556,0.008502636400868733
7.1855555556,0.00845881237064489
7.1955555556,0.008415286797321725
7.2055555556,0.008372057600800007
7.2155555556,0.008329121910625062
7.2255555556,0.008286478080264262
7.2355555556,0.008244121999521693
7.2455555556,0.008202053060434993
7.2555555556,0.008160267915356395
7.2655555556,0.008118764274082365
7.2755555556,0.008077539030247183
7.2855555556,0.008036594440115364
7.2955555556,0.007995922542870872
7.3055555556,0.007955523917819438
7.3155555556,0.007915395009090267
7.3255555556,0.007875534442637234
7.3355555556,0.00783593872144413
7.3455555556,0.0077966094680133715
7.3555555556,0.007757540585198527
7.3655555556,0.007718732096872789
7.3755555556,0.007680179779719729
7.3855555556,0.007641883222286789
7.3955555556,0.007603840391266706
7.4055555556,0.007566048934054845
7.4155555556,0.007528505986767706
7.4255555556,0.007491211058691992
7.4355555556,0.007454160934239365
7.4455555556,0.007417353897440841
7.4555555556,0.007380789933018242
7.4655555556,0.007344463449483602
7.4755555556,0.007308375480840455
7.4855555556,0.007272535969414207
7.4955555556,0.007236910750143816
7.5055555556,0.007201520824536879
7.5155555556,0.007166367535001424
7.5255555556,0.0071314311759236885
7.5355555556,0.007096729634386445
7.5455555556,0.007062252476024525
7.5555555556,0.0070279964203638886
7.5655555556,0.006993963404784407
7.5755555556,0.00696014958206896
7.5855555556,0.006926552693206349
7.5955555556,0.0068931720425662495
7.6055555556,0.006860005336617243
7.6155555556,0.006827051093564307
7.6255555556,0.006794307992206059
7.6355555556,0.006761773899816434
7.6455555556,0.006729447706165358
7.6555555556,0.006697327012031299
7.6655555556,0.006665410617120373
7.6755555556,0.006633697653240635
7.6855555556,0.0066021852553760675
7.6955555556,0.006570872029320567
7.7055555556,0.006539758132774614
7.7155555556,0.006508840184690685
7.7255555556,0.0064781166692854785
7.7355555556,0.006447587825053742
7.7455555556,0.006417250335121068
7.7555555556,0.006387103342611636
7.7655555556,0.006357145308277152
7.7755555556,0.006327376189345015
7.7855555556,0.00629779094289543
7.7955555556,0.006268391998296745
7.8055555556,0.006239176088151973
7.8155555556,0.006210141995507509
7.8255555556,0.006181288607936121
7.8355555556,0.006152614147926072
7.8455555556,0.006124117637338381
7.8555555556,0.006095798005694335
7.8655555556,0.006067652630238916
7.8755555556,0.00603968149671956
7.8855555556,0.006011883063458917
7.8955555556,0.005984255738984606
7.9055555556,0.005956797785737558
7.9155555556,0.005929508678222155
7.9255555556,0.005902387097417277
7.9355555556,0.005875431431126597
7.9455555556,0.005848640411886898
7.9555555556,0.005822013366775273
7.9655555556,0.005795548179383079
7.9755555556,0.005769244873433029
7.9855555556,0.005743099640833149
7.9955555556,0.005717117768218074
8.0055555556,0.005691287098036286
8.0155555556,0.005665613751252184
8.0255555556,0.005640101546637523
8.0355555556,0.005614738827473998
8.0455555556,0.005589529898904031
8.0555555556,0.00556447243817138
8.0655555556,0.005539566011333205
8.0755555556,0.0055148088284597075
8.0855555556,0.005490200579586158
8.0955555556,0.005465739282645336
8.1055555556,0.005441424387446609
8.1155555556,0.005417254702799821
8.1255555556,0.005393229044791612
8.1355555556,0.0053693462516415935
8.1455555556,0.005345605916243115
8.1555555556,0.005322006185695317
8.1655555556,0.005298546585257293
8.1755555556,0.005275226390952716
8.1855555556,0.0052520416591700205
8.1955555556,0.005228997129490413
8.2055555556,0.005206087260548528
8.2155555556,0.005183311913457546
8.2255555556,0.005160671087879816
8.2355555556,0.005138162753474787
8.2455555556,0.005115786758470037
8.2555555556,0.005093541703943604
8.2655555556,0.005071426714054635
8.2755555556,0.005049441230204709
8.2855555556,0.00502758348195726
8.2955555556,0.005005853347236072
8.3055555556,0.004984249657139992
8.3155555556,0.004962771331947338
8.3255555556,0.004941415928384563
8.3355555556,0.004920189521906444
8.3455555556,0.004899080794428167
8.3555555556,0.004878095922356279
8.3655555556,0.004857231351282613
8.3755555556,0.004836487241725487
8.3855555556,0.004815863223848377
8.3955555556,0.0047953572254413
8.4055555556,0.004774968875259077
8.4155555556,0.004754697477618768
8.4255555556,0.00473454190871461
8.4355555556,0.0047145020774921505
8.4455555556,0.004694576263682955
8.4555555556,0.0046747637660461755
8.4655555556,0.004655064797573894
8.4755555556,0.004635477205512501
8.4855555556,0.004616000955986764
8.4955555556,0.004596635022354612
8.5055555556,0.004577379040062597
8.5155555556,0.004558231700125957
8.5255555556,0.0045391928322433064
8.5355555556,0.004520260645911745
8.5455555556,0.004501435567806475
8.5555555556,0.004482716567361144
8.5655555556,0.0044640995536056076
8.5755555556,0.004445592736407235
8.5855555556,0.004427186709707984
8.5955555556,0.004408883996612645
8.6055555556,0.004390683177980069
8.6155555556,0.0043725840363428034
8.6255555556,0.004354585728565054
8.6355555556,0.004336687714770392
8.6455555556,0.0043188889885380595
8.6555555556,0.004301188962419928
8.6655555556,0.004283587334701554
8.6755555556,0.004266082994189846
8.6855555556,0.0042486754748144355
8.6955555556,0.004231363750714977
8.7055555556,0.0042141479706046025
8.7155555556,0.00419702674756259
8.7255555556,0.004179999393577285
8.7355555556,0.004163065901042981
8.7455555556,0.0041462240629320584
8.7555555556,0.004129475016836896
8.7655555556,0.004112820046816806
8.7755555556,0.0040962544391303386
8.7855555556,0.0040797791395160805
8.7955555556,0.004063393400926647
8.8055555556,0.004047096885620079
8.8155555556,0.004030888999571775
8.8255555556,0.004014769167356678
8.8355555556,0.003998736939107474
8.8455555556,0.003982790727963865
8.8555555556,0.00396693108385181
8.8655555556,0.003951157574136879
8.8755555556,0.00393546867434355
8.8855555556,0.003919864204316934
8.8955555556,0.003904345218246427
8.9055555556,0.003888906924419624
8.9155555556,0.0038735526637338935
8.9255555556,0.003858280701892103
8.9355555556,0.003843090452988567
8.9455555556,0.003827981201325095
8.9555555556,0.0038129531851397334
8.9655555556,0.0037980046527179823
8.9755555556,0.003783135764984152
8.9855555556,0.0037683463319485347
8.9955555556,0.00375363376190367
9.0055555556,0.003739001981078655
9.0155555556,0.003724446295663413
9.0255555556,0.0037099680103938873
9.0355555556,0.0036955654361914576
9.0455555556,0.0036812384871744075
9.0555555556,0.003666988341344896
9.0655555556,0.0036528127358822025
9.0755555556,0.0036387114077862997
9.0855555556,0.003624684763614244
9.0955555556,0.003610730133286027
9.1055555556,0.0035968498466898377
9.1155555556,0.0035830419386754836
9.1255555556,0.0035693057978598616
9.1355555556,0.0035556410489079146
9.1455555556,0.003542048310068198
9.1555555556,0.003528526497417833
9.1655555556,0.0035150743658050074
9.1755555556,0.0035016910592240583
9.1855555556,0.003488378154522074
9.1955555556,0.0034751343033740524
9.2055555556,0.003461958413737675
9.2155555556,0.003448850843150243
9.2255555556,0.003435811916119755
9.2355555556,0.0034228386988245617
9.2455555556,0.0034099318168758753
9.2555555556,0.003397092054160134
9.2655555556,0.0033843181110306294
9.2755555556,0.00337160949534382
9.2855555556,0.0033589658839718105
9.2955555556,0.003346387355335634
9.3055555556,0.0033338724621724087
9.3155555556,0.0033214219622749513
9.3255555556,0.0033090347392191913
9.3355555556,0.0032967092204123655
9.3455555556,0.0032844467224749417
9.3555555556,0.0032722482097739774
9.3655555556,0.0032601115773107942
9.3755555556,0.0032480347405724488
9.3855555556,0.0032360182842563743
9.3955555556,0.0032240636074831186
9.4055555556,0.003212169506117694
9.4155555556,0.0032003351826428304
9.4255555556,0.003188559862271928
9.4355555556,0.0031768440143896963
9.4455555556,0.003165186766851632
9.4555555556,0.003153588268295592
9.4655555556,0.0031420480921683655
9.4755555556,0.0031305640504093453
9.4855555556,0.003119137610391345
9.4955555556,0.0031077694296261604
9.5055555556,0.0030964586769958126
9.5155555556,0.003085202462813946
9.5255555556,0.003074001943874459
9.5355555556,0.0030628585614595927
9.5455555556,0.003051769322553034
9.5555555556,0.003040733422894909
9.5655555556,0.0030297530663782094
9.5755555556,0.0030188290520802297
9.5855555556,0.0030079582484457187
9.5955555556,0.0029971394937646726
9.6055555556,0.0029863740997826483
9.6155555556,0.002975662529401392
9.6255555556,0.0029650029699130067
9.6355555556,0.002954395684251189
9.6455555556,0.002943840795098571
9.6555555556,0.0029333360639683544
9.6655555556,0.0029228826594534406
9.6755555556,0.0029124843156439857
9.6855555556,0.002902137008981183
9.6955555556,0.0028918343178780436
9.7055555556,0.002881577494302513
9.7155555556,0.0028713752850636205
9.7255555556,0.0028612296951482106
9.7355555556,0.0028511303739146244
9.7455555556,0.002841075763945465
9.7555555556,0.0028310699762288346
9.7655555556,0.0028211154541545043
9.7755555556,0.0028112057373648417
9.7855555556,0.0028013437696285475
9.7955555556,0.0027915315343577953
9.8055555556,0.0027817665943253105
9.8155555556,0.002772044532467111
9.8255555556,0.0027623712692371972
9.8355555556,0.0027527521325220136
9.8455555556,0.0027431740279211148
9.8555555556,0.0027336289748949067
9.8655555556,0.002724137163256389
9.8755555556,0.002714699050817864
9.8855555556,0.002705295777182297
9.8955555556,0.002695917832696813
9.9055555556,0.0026866052906668
9.9155555556,0.0026773932894228005
9.9255555556,0.0026682251680629518
9.9355555556,0.0026590185271396865
9.9455555556,0.002649787559114166
9.9555555556,0.002640654736787138
9.9655555556,0.002631678786938999
9.9755555556,0.002622713810971077
9.9855555556,0.002613748835003155
9.9955555556,0.0026047838590352325
10.0055555556,0.002595909907797054
10.0155555556,0.0025871087763413604
10.0255555556,0.0025783076448856676
10.0355555556,0.0025695065134299744
10.0455555556,0.0025607210950279956
10.0555555556,0.0025520927894488914
10.0655555556,0.002543549057913895
10.0755555556,0.0025349807866351733
10.0855555556,0.0025263763421343693
10.0955555556,0.0025178082733562247
10.1055555556,0.0025093304746138375
10.1155555556,0.0025009159751265444
10.1255555556,0.002492526489035307
10.1355555556,0.002484162402669088
10.1455555556,0.0024758420554090027
10.1555555556,0.002467568782642972
10.1655555556,0.00245932935436241
10.1755555556,0.0024511166523577804
10.1855555556,0.002442945534827483
10.1955555556,0.0024348171549006628
10.2055555556,0.0024267253839206685
10.2155555556,0.002418667615048852
10.2255555556,0.0024106477466853114
10.2355555556,0.00240266615238158
10.2455555556,0.002394720928557026
10.2555555556,0.0023868091756126513
10.2655555556,0.0023789354487196326
10.2755555556,0.0023710985995550374
10.2855555556,0.0023632951307936746
10.2955555556,0.0023555230814840127
10.3055555556,0.0023477879879528745
10.3155555556,0.0023400936564774524
10.3255555556,0.002332436222448737
10.3355555556,0.002324809617390769
10.3455555556,0.002317213354667258
10.3555555556,0.0023096508904559606
10.3655555556,0.002302125109176788
10.3755555556,0.002294634745436807
10.3855555556,0.0022871767379714827
10.3955555556,0.0022797517410519594
10.4055555556,0.002272360365031418
10.4155555556,0.002265002051734973
10.4255555556,0.0022576760363090817
10.4355555556,0.0022503833068490066
10.4455555556,0.002243123354558558
10.4555555556,0.0022358955754169605
10.4655555556,0.0022286985035443398
10.4755555556,0.002221533422935493
10.4855555556,0.0022144014342736673
10.4955555556,0.002207301944446974
10.5055555556,0.0022002333681588448
10.5155555556,0.0021931948706704453
10.5255555556,0.0021861875390132212
10.5355555556,0.0021792117902579965
10.5455555556,0.0021722668486382495
10.5555555556,0.0021653513445519432
10.5655555556,0.0021584662389563616
10.5755555556,0.002151611919244396
10.5855555556,0.0021447882525529012
10.5955555556,0.0021379950036840944
10.6055555556,0.0021312304179970988
10.6155555556,0.002124495135606805
10.6255555556,0.0021177895139183798
10.6355555556,0.0021111133948525885
10.6455555556,0.002104466197555349
10.6555555556,0.0020978478793469407
10.6655555556,0.002091258483696954
10.6755555556,0.0020846975259447985
10.6855555556,0.0020781648780680384
10.6955555556,0.0020716604827945647
10.7055555556,0.0020651848140217136
10.7155555556,0.002058737583826368
10.7255555556,0.0020523175016801207
10.7355555556,0.0020459244335518205
10.7455555556,0.0020395585054293675
10.7555555556,0.0020332205808314486
10.7655555556,0.002026910359349391
10.7755555556,0.0020206285224381327
10.7855555556,0.0020143720027110904
10.7955555556,0.002008142264224852
10.8055555556,0.002001939253042795
10.8155555556,0.00199576298129913
10.8255555556,0.001989613162333968
10.8355555556,0.001983489321226699
10.8455555556,0.0019773914198416174
10.8555555556,0.00197131972844173
10.8655555556,0.001965274006061338
10.8755555556,0.001959253679967765
10.8855555556,0.001953258878904572
10.8955555556,0.001947289588694129
10.9055555556,0.0019413456733243
10.9155555556,0.0019354272988729773
10.9255555556,0.0019295328745219345
10.9355555556,0.001923663584788537
10.9455555556,0.0019178192944362198
10.9555555556,0.0019119997063125737
10.9655555556,0.0019062044732243472
10.9755555556,0.0019004333184856113
10.9855555556,0.0018946865490547134
10.9955555556,0.00188896379734066
11.0055555556,0.0018832653436697366
11.0155555556,0.001877591156469686
11.0255555556,0.0018719397100274153
11.0355555556,0.00186631182659356
11.0455555556,0.001860707540455904
11.0555555556,0.0018551267953077633
11.0655555556,0.001849569660000117
11.0755555556,0.001844035117494017
11.0855555556,0.0018385236033575704
11.0955555556,0.0018330349180731248
11.1055555556,0.0018275682666411834
11.1155555556,0.001822125503751291
11.1255555556,0.001816704833950866
11.1355555556,0.0018113064437571792
11.1455555556,0.001805930316848207
11.1555555556,0.0018005762120712127
11.1655555556,0.0017952440917768937
11.1755555556,0.0017899338819565155
11.1855555556,0.0017846455486370074
11.1955555556,0.0017793792083883482
11.2055555556,0.0017741345046333136
11.2155555556,0.00176891085592923
11.2255555556,0.001763708392362768
11.2355555556,0.0017585269032790042
11.2455555556,0.001753367402408387
11.2555555556,0.0017482281718163599
11.2655555556,0.0017431106759062509
11.2755555556,0.0017380136570839364
11.2855555556,0.0017329372822696113
11.2955555556,0.0017278815657494632
11.3055555556,0.0017228464062401404
11.3155555556,0.0017178315367454998
11.3255555556,0.0017128367819253506
11.3355555556,0.0017078623897709578
11.3455555556,0.0017029080261934872
11.3555555556,0.0016979736328816492
11.3655555556,0.0016930591340683133
11.3755555556,0.0016881644458209759
11.3855555556,0.0016832893381746722
11.3955555556,0.001678433877928931
11.4055555556,0.0016735978161542874
11.4155555556,0.0016687821017657013
11.4255555556,0.0016639843337045435
11.4355555556,0.001659204789109634
11.4455555556,0.0016544463209946093
11.4555555556,0.0016497067068779498
11.4655555556,0.0016449854375316323
11.4755555556,0.0016402828036232101
11.4855555556,0.0016355989236893507
11.4955555556,0.0016309339730000165
11.5055555556,0.0016262874156148638
11.5155555556,0.0016216595166756989
11.5255555556,0.0016170497519536477
11.5355555556,0.0016124581091542891
11.5455555556,0.0016078847584173927
11.5555555556,0.001603329039755399
11.5655555556,0.0015987916347505284
11.5755555556,0.0015942721084059217
11.5855555556,0.0015897703939833161
11.5955555556,0.001585286358258827
11.6055555556,0.0015808199903965612
11.6155555556,0.0015763710995771692
11.6255555556,0.0015719395509943765
11.6355555556,0.0015675255618556785
11.6455555556,0.0015631282365890457
11.6555555556,0.0015587485894431937
11.6655555556,0.001554386325391608
11.6755555556,0.0015500394314835947
11.6855555556,0.0015457116765369174
11.6955555556,0.0015414002432924626
11.7055555556,0.0015371052405767137
11.7155555556,0.0015328268866717882
11.7255555556,0.0015285651549202606
11.7355555556,0.0015243201590222734
11.7455555556,0.0015200913125271282
11.7555555556,0.0015158787886191275
11.7655555556,0.0015116826785427108
11.7755555556,0.0015075027189887394
11.7855555556,0.001503338852730829
11.7955555556,0.0014991910643520933
11.8055555556,0.001495059093205087
11.8155555556,0.001490943227712099
11.8255555556,0.001486843251435105
11.8355555556,0.0014827585308754853
11.8455555556,0.001478689827227046
11.8555555556,0.0014746366954983365
11.8655555556,0.0014705989714129733
11.8755555556,0.0014665766722172847
11.8855555556,0.0014625697227345384
11.8955555556,0.0014585780982462005
11.9055555556,0.0014546017010548583
11.9155555556,0.0014506403392597679
11.9255555556,0.0014466940888786892
11.9355555556,0.0014427628793005642
11.9455555556,0.0014388465010069758
11.9555555556,0.0014349449522629092
11.9655555556,0.001431058153588016
11.9755555556,0.0014271855017112933
11.9855555556,0.0014233290277461768
11.9955555556,0.0014194867386277186
12.0055555556,0.0014156583897870798
