100.5   0
105.5   0
110.5   2.0733e-7
115.5   6.273e-7
120.5   2.0733e-7
125.5   4.147e-7
130.5   6.273e-7
135.5   0.0000012493
140.5   0.000001042
145.5   0.0000014566
150.5   0.000001042
155.5   0.0000014566
160.5   0.000001042
165.5   0.0000012493
170.5   0.000002084
175.5   0.0000014566
180.5   0.0000022913
185.5   0.0000018766
190.5   0.0000024986
195.5   0.000003333
200.5   0.0000014566
205.5   0.000003748
210.5   0.000003748
215.5   0.000006252
220.5   0.000004375
225.5   0.000009585
230.5   0.000007501
235.5   0.000013126
240.5   0.000011876
245.5   0.000017081
250.5   0.000024375
255.5   0.00002396
260.5   0.00003604
265.5   0.00005208
270.5   0.00005396
275.5   0.00005271
280.5   0.00005146
285.5   0.00004229
290.5   0.00004812
295.5   0.00005188
300.5   0.00004958
305.5   0.00005771
310.5   0.0000625
315.5   0.00007208
320.5   0.00007667
325.5   0.000095
330.5   0.00011375
335.5   0.00013458
340.5   0.00014208
345.5   0.00016229
350.5   0.00018604
355.5   0.00019437
360.5   0.00021625
365.5   0.00023854
370.5   0.00025291
375.5   0.00027521
380.5   0.00031084
385.5   0.0003275
390.5   0.0003477
395.5   0.0003963
400.5   0.0004208
405.5   0.0004527
410.5   0.000545
415.5   0.0006162
420.5   0.0007081
425.5   0.0007865
430.5   0.0008498
435.5   0.0009146
440.5   0.0010056
445.5   0.0010669
450.5   0.0011406
455.5   0.0011931
460.5   0.0012592
465.5   0.0013352
470.5   0.0014252
475.5   0.0015198
480.5   0.0016192
485.5   0.0017279
490.5   0.0018046
495.5   0.0019087
500.5   0.001941
505.5   0.0020996
510.5   0.0022215
515.5   0.0023292
520.5   0.0023917
525.5   0.0025702
530.5   0.0027169
535.5   0.0029204
540.5   0.0031265
545.5   0.00338
550.5   0.003446
555.5   0.003644
560.5   0.003778
565.5   0.003962
570.5   0.004044
575.5   0.004148
580.5   0.004262
585.5   0.004415
590.5   0.004544
595.5   0.004626
600.5   0.004599
605.5   0.004438
610.5   0.004267
615.5   0.004425
620.5   0.004645
625.5   0.004978
630.5   0.005298
635.5   0.005316
640.5   0.005133
645.5   0.00473
650.5   0.00423
655.5   0.003706
660.5   0.003206
665.5   0.0026908
670.5   0.0023335
675.5   0.0020777
680.5   0.0018731
685.5   0.0016467
690.5   0.0015394
695.5   0.0015027
700.5   0.0016294
705.5   0.0013698
710.5   0.0011404
715.5   0.001145
720.5   0.0011717
725.5   0.0012733
730.5   0.00129
735.5   0.0013002
740.5   0.001526
745.5   0.0018798
750.5   0.0020419
755.5   0.00209
760.5   0.001814
765.5   0.0017365
770.5   0.0016206
775.5   0.0006935
780.5   0.000331
785.5   0.0004063
790.5   0.0005958
795.5   0.0007054
800.5   0.0006479
805.5   0.0006223
810.5   0.0006046
815.5   0.00065
820.5   0.0005702
825.5   0.000495
830.5   0.0004029
835.5   0.0003677
840.5   0.0003319
845.5   0.0003431
850.5   0.0003581
855.5   0.0003777
860.5   0.0003715
865.5   0.0003777
870.5   0.000341
875.5   0.00028333
880.5   0.00023667
885.5   0.00016333
890.5   0.00011312
895.5   0.00006875
900.5   0.00004875
905.5   0.0000375
910.5   0.00003521
915.5   0.00004292
920.5   0.00004771
925.5   0.00006521
930.5   0.00006958
935.5   0.00006771
940.5   0.00006583
945.5   0.00005313
950.5   0.00004188
955.5   0.0000325
960.5   0.00003479
965.5   0.000022918
970.5   0.000028336
975.5   0.000020834
980.5   0.000011669
985.5   0.00001479
990.5   0.000011669
995.5   0.000003748
1000.5  0.0000022913
1005.5  6.273e-7
