0.5 0.000022191
5.5 0.000030962
10.5    0.00003786
15.5    0.00004074
20.5    0.00004562
25.5    0.00005666
30.5    0.00006878
35.5    0.00007244
40.5    0.00006952
45.5    0.00006381
50.5    0.00005787
55.5    0.00005848
60.5    0.00006907
65.5    0.0000824
70.5    0.00009226
75.5    0.00009504
80.5    0.00010687
85.5    0.00013519
90.5    0.00015297
95.5    0.0001298
100.5   0.00010313
105.5   0.00009885
110.5   0.00011143
115.5   0.00012501
120.5   0.00015065
125.5   0.00020504
130.5   0.00026328
135.5   0.00028514
140.5   0.00027346
145.5   0.00025875
150.5   0.00025375
155.5   0.0002631
160.5   0.00027497
165.5   0.00028183
170.5   0.00029199
175.5   0.00029517
180.5   0.00029517
185.5   0.00028962
190.5   0.00027345
195.5   0.00026184
200.5   0.00026991
205.5   0.00030824
210.5   0.0003694
215.5   0.0004393
220.5   0.0004841
225.5   0.0004932
230.5   0.0005129
235.5   0.0005863
240.5   0.0007068
245.5   0.00083
250.5   0.0009485
255.5   0.0011032
260.5   0.0013395
265.5   0.0015707
270.5   0.0016237
275.5   0.0014703
280.5   0.0012584
285.5   0.0011071
290.5   0.0010169
295.5   0.0009467
300.5   0.0008727
305.5   0.0008865
310.5   0.0009449
315.5   0.0009716
320.5   0.0010199
325.5   0.0010999
330.5   0.0012452
335.5   0.0012949
340.5   0.001392
345.5   0.0014427
350.5   0.0015571
355.5   0.0015948
360.5   0.0015816
365.5   0.0016611
370.5   0.0016612
375.5   0.001659
380.5   0.0017322
385.5   0.0017965
390.5   0.0017788
395.5   0.0017921
400.5   0.0017633
405.5   0.0019133
410.5   0.0020664
415.5   0.0022287
420.5   0.0024412
425.5   0.0025325
430.5   0.0025967
435.5   0.0026758
440.5   0.0027354
445.5   0.0027602
450.5   0.0027386
455.5   0.0027338
460.5   0.0027288
465.5   0.0026768
470.5   0.0026377
475.5   0.0026853
480.5   0.0027549
485.5   0.002771
490.5   0.0027645
495.5   0.0027379
500.5   0.0026833
505.5   0.0026682
510.5   0.0026922
515.5   0.0026869
520.5   0.0026464
525.5   0.0026427
530.5   0.0026796
535.5   0.0027412
540.5   0.0027878
545.5   0.0028012
550.5   0.0027911
555.5   0.0027798
560.5   0.0027696
565.5   0.0027422
570.5   0.0027007
575.5   0.0026582
580.5   0.0026279
585.5   0.0026075
590.5   0.002584
595.5   0.0025346
600.5   0.0024295
605.5   0.0022505
610.5   0.0020974
615.5   0.0020712
620.5   0.002131
625.5   0.002208
630.5   0.0022644
635.5   0.002234
640.5   0.0020901
645.5   0.0018839
650.5   0.0016389
655.5   0.0013889
660.5   0.0011654
665.5   0.0009741
670.5   0.0008293
675.5   0.0007254
680.5   0.0006414
685.5   0.0005751
690.5   0.0005201
695.5   0.0005141
700.5   0.0005474
705.5   0.0004602
710.5   0.0003689
715.5   0.0003772
720.5   0.0003751
725.5   0.0004166
730.5   0.0004314
735.5   0.0004268
740.5   0.0004981
745.5   0.0006206
750.5   0.0006801
755.5   0.0007365
760.5   0.000606
765.5   0.0005844
770.5   0.0006535
775.5   0.00022656
780.5   0.00010422
785.5   0.0001433
790.5   0.00021486
795.5   0.00025387
800.5   0.00023031
805.5   0.00022099
810.5   0.00022476
815.5   0.00024167
820.5   0.00022379
825.5   0.00018867
830.5   0.00015774
835.5   0.00014306
840.5   0.00013743
845.5   0.00014117
850.5   0.00015045
855.5   0.00016132
860.5   0.00017061
865.5   0.00017235
870.5   0.00016843
875.5   0.00015295
880.5   0.00012513
885.5   0.00009319
890.5   0.00006465
895.5   0.00004397
900.5   0.00003166
905.5   0.000026261
910.5   0.00002581
915.5   0.000029564
920.5   0.00003629
925.5   0.0000447
930.5   0.00005242
935.5   0.00005539
940.5   0.0000541
945.5   0.00004939
950.5   0.00004291
955.5   0.00003705
960.5   0.00003302
965.5   0.00003262
970.5   0.00003596
975.5   0.00002943
980.5   0.000020917
985.5   0.000022048
990.5   0.000019138
995.5   0.00000723
1000.5  0.000004633
1005.5  0.000006639
1010.5  0.000007916
1015.5  0.000007112
1020.5  0.00000528
1025.5  0.000002832
1030.5  0.0000017256
1035.5  0.0000010168
1040.5  6.891e-7
1045.5  5.546e-7
1050.5  3.389e-7
1055.5  1.8768e-7
1060.5  2.0729e-7
1065.5  2.241e-7
1070.5  2.185e-7
1075.5  2.241e-7
1080.5  3.305e-7
1085.5  5.546e-7
1090.5  6.359e-7
1095.5  4.958e-7
1100.5  4.482e-7
1105.5  5.743e-7
1110.5  7.143e-7
1115.5  6.555e-7
1120.5  5.658e-7
1125.5  4.846e-7
1130.5  4.258e-7
1135.5  3.894e-7
1140.5  4.706e-7
1145.5  5.21e-7
1150.5  4.398e-7
1155.5  2.7172e-7
1160.5  1.3726e-7
1165.5  7.843e-8
1170.5  6.443e-8
1175.5  5.883e-8
1180.5  3.922e-8
1185.5  3.361e-8
1190.5  4.202e-8
1195.5  5.883e-8
1200.5  5.602e-8
1205.5  4.202e-8
1210.5  3.922e-8
1215.5  2.8012e-8
1220.5  1.1205e-8
1225.5  5.602e-9
1230.5  2.8012e-9
1235.5  2.8012e-9
1240.5  2.8012e-9
1245.5  2.8012e-9
1250.5  5.602e-9
1255.5  2.8012e-9
1260.5  2.8012e-9
1265.5  2.8012e-9
1270.5  0
1275.5  0
