-344.5  0
-339.5  4.182e-7
-334.5  0.0000016662
-329.5  6.24e-7
-324.5  6.24e-7
-319.5  4.182e-7
-314.5  0
-309.5  0.0000018753
-304.5  0
-299.5  0
-294.5  2.0909e-7
-289.5  2.0909e-7
-284.5  0
-279.5  2.0909e-7
-274.5  0
-269.5  2.0909e-7
-264.5  0
-259.5  2.0909e-7
-254.5  0
-249.5  6.24e-7
-244.5  0
-239.5  0
-234.5  2.0909e-7
-229.5  0
-224.5  4.182e-7
-219.5  0
-214.5  2.0909e-7
-209.5  2.0909e-7
-204.5  4.182e-7
-199.5  2.0909e-7
-194.5  0.0000014571
-189.5  0.0000014571
-184.5  8.331e-7
-179.5  0.0000010422
-174.5  0.0000018753
-169.5  0.0000018753
-164.5  0.0000020844
-159.5  0.0000022902
-154.5  0.0000014571
-149.5  0.000004375
-144.5  0.00000396
-139.5  0.000004375
-134.5  0.0000022902
-129.5  0.000003751
-124.5  0.0000018753
-119.5  0.0000031266
-114.5  0.0000031266
-109.5  0.000006459
-104.5  0.000005417
-99.5   0.000006668
-94.5   0.000005626
-89.5   0.000007501
-84.5   0.000009791
-79.5   0.000006459
-74.5   0.000006874
-69.5   0.000005417
-64.5   0.000006668
-59.5   0.000004999
-54.5   0.000008958
-49.5   0.000011249
-44.5   0.000015626
-39.5   0.000023748
-34.5   0.000025624
-29.5   0.00003333
-24.5   0.000027293
-19.5   0.000029998
-14.5   0.00003396
-9.5    0.000021876
-4.5    0.000018335
0.5 0.000021249
5.5 0.00002875
10.5    0.00003354
15.5    0.00003646
20.5    0.00003708
25.5    0.00005458
30.5    0.00006792
35.5    0.00006271
40.5    0.00006417
45.5    0.00006542
50.5    0.00005521
55.5    0.00005542
60.5    0.00007104
65.5    0.00009313
70.5    0.00008937
75.5    0.00010396
80.5    0.00011604
85.5    0.00013875
90.5    0.00015229
95.5    0.00014459
100.5   0.00011354
105.5   0.00010854
110.5   0.00013396
115.5   0.00014417
120.5   0.00019438
125.5   0.00020813
130.5   0.00026562
135.5   0.00030479
140.5   0.00030188
145.5   0.00027792
150.5   0.00029125
155.5   0.00031188
160.5   0.00032
165.5   0.00030958
170.5   0.0003454
175.5   0.0003417
180.5   0.0003648
185.5   0.0003663
190.5   0.000341
195.5   0.000324
200.5   0.0003865
205.5   0.0004106
210.5   0.0004625
215.5   0.0005275
220.5   0.0006063
225.5   0.0006383
230.5   0.0006579
235.5   0.0007348
240.5   0.0008744
245.5   0.0010106
250.5   0.0011431
255.5   0.0013181
260.5   0.0015285
265.5   0.001681
270.5   0.0017665
275.5   0.00165
280.5   0.001535
285.5   0.001361
290.5   0.0013306
295.5   0.0012706
300.5   0.0012346
305.5   0.001254
310.5   0.0013067
315.5   0.00137
320.5   0.0014258
325.5   0.0015525
330.5   0.0016725
335.5   0.0018081
340.5   0.001864
345.5   0.0019952
350.5   0.0020527
355.5   0.0021625
360.5   0.0021681
365.5   0.0022733
370.5   0.00229
375.5   0.00232
380.5   0.0023717
385.5   0.0025144
390.5   0.0024952
395.5   0.0025106
400.5   0.0024675
405.5   0.0026525
410.5   0.0028052
415.5   0.0029906
420.5   0.0030658
425.5   0.003168
430.5   0.003191
435.5   0.003244
440.5   0.00324
445.5   0.00318
450.5   0.003184
455.5   0.003212
460.5   0.003267
465.5   0.003238
470.5   0.003228
475.5   0.003222
480.5   0.003212
485.5   0.003194
490.5   0.00317
495.5   0.003215
500.5   0.003208
505.5   0.003218
510.5   0.003199
515.5   0.0031452
520.5   0.0031611
525.5   0.0031113
530.5   0.0031527
535.5   0.0030256
540.5   0.003006
545.5   0.0028533
550.5   0.0027063
555.5   0.0026498
560.5   0.0025544
565.5   0.0024863
570.5   0.002316
575.5   0.0021927
580.5   0.0021346
585.5   0.002061
590.5   0.0019204
595.5   0.001845
600.5   0.001621
605.5   0.0013721
610.5   0.0012308
615.5   0.0011815
620.5   0.0011552
625.5   0.001165
630.5   0.0011688
635.5   0.0011271
640.5   0.0009902
645.5   0.0008106
650.5   0.0006779
655.5   0.000554
660.5   0.0003915
665.5   0.0003415
670.5   0.00027583
675.5   0.00023417
680.5   0.00020063
685.5   0.00019021
690.5   0.00015375
695.5   0.00015125
700.5   0.00015792
705.5   0.00012875
710.5   0.00009479
715.5   0.00009438
720.5   0.00009729
725.5   0.00010021
730.5   0.0001
735.5   0.00010417
740.5   0.00011667
745.5   0.00013604
750.5   0.00016021
755.5   0.00015979
760.5   0.00014146
765.5   0.0001225
770.5   0.00011938
775.5   0.00005125
780.5   0.000021043
785.5   0.00003229
790.5   0.00003583
795.5   0.000035
800.5   0.000030208
805.5   0.000024167
810.5   0.000020207
815.5   0.000023334
820.5   0.000013333
825.5   0.00001021
830.5   0.000006668
835.5   0.000005208
840.5   0.0000024993
