# Name: C11prior
# Variable_type: age
# Unit: ky
0.7195,0.0
0.7245,0.0
0.7295,2.675792819345266e-06
0.7345,5.351384572202754e-06
0.7395,5.351384572202754e-06
0.7445,8.027579524523575e-06
0.7495,8.027579524523575e-06
0.7545000000000001,1.0702769144405508e-05
0.7595000000000001,8.027579524523575e-06
0.7645000000000001,5.351384572202754e-06
0.7695,5.351384572202754e-06
0.7745,1.0702769144405508e-05
0.7795,1.0702769144405508e-05
0.7845,1.3378964096726331e-05
0.7895,2.408173324113184e-05
0.7945,5.0839661434584505e-05
0.7995,8.82983481075649e-05
0.8045,0.00010435350715661204
0.8095,9.364671668245098e-05
0.8145,7.491737334596078e-05
0.8195,8.29499795326788e-05
0.8245,9.63309542942829e-05
0.8295,0.0001150602976307731
0.8345,0.0001337896409672633
0.8395,0.0001471706157288674
0.8445,0.00011773448191821614
0.8495,8.82983481075649e-05
0.8545,9.900513858172596e-05
0.8595,0.00013111545667982027
0.8645,0.00011238611334333006
0.8695,6.42206361961886e-05
0.8745,4.281710857225537e-05
0.8795000000000001,4.013287096042344e-05
0.8845000000000001,4.281710857225537e-05
0.8895000000000001,3.745868667298039e-05
0.8945000000000001,3.4784502385537343e-05
0.8995,6.689482048363165e-05
0.9045,0.00011238611334333006
0.9095,0.00014181219382959244
0.9145,0.00021941380478738515
0.9195,0.0003906721857520178
0.9245,0.0006742764667624248
0.9295,0.0013432246715987413
0.9345,0.0018677066049668002
0.9395,0.0021031554621544547
0.9445,0.0017311824597657606
0.9495,0.0011612595001599477
0.9545,0.0019105337668634443
0.9595,0.0056248349955803885
0.9645,0.006589954136913217
0.9695,0.006212954472330081
0.9745,0.009113338558523008
0.9795,0.011417560508455134
0.9845,0.010237300225200198
0.9895,0.010387094758594563
0.9945,0.011823714813766033
0.9995,0.013950998254453808
1.0045,0.01636781743754143
1.0095,0.01814423985705717
1.0145,0.018633836754795803
1.0195,0.01750987508811861
1.0245,0.0146255763209479
1.0295,0.011551269722827287
1.0345,0.00917265317241742
1.0395,0.007877784991129209
1.0445,0.00803763284891246
1.0495,0.009908556517683702
1.0545,0.014342072573181382
1.0595,0.0221846709289495
1.0645,0.0336484767295935
1.0695000000000001,0.047180251357030856
1.0745,0.05941514713830223
1.0795000000000001,0.06635194096663194
1.0845,0.06813137938346434
1.0895,0.06738743337868695
1.0945,0.0631750904597447
1.0995,0.05825901483358061
1.1045,0.054147205158527216
1.1095,0.05253867325630583
1.1145,0.055112324299860044
1.1195,0.06156655855752333
1.1245,0.07570153264829371
1.1295,0.09213871802411844
1.1345,0.10068404375466951
1.1395,0.0925911176216182
1.1445,0.09074130593406363
1.1495,0.09515471534078353
1.1545,0.10657529184655531
1.1595,0.08777557523934294
1.1645,0.05497157775841567
1.1695,0.03814231273142448
1.1745,0.09709500694783807
1.1795,0.32653197615094015
1.1845,0.2854540926979617
1.1895,0.2982017080230661
1.1945000000000001,0.37760286404646903
1.1995,0.34281836166093166
1.2045000000000001,0.3068978336194505
1.2095,0.23574040359493217
1.2145000000000001,0.19620067877345285
1.2195,0.1987039565462849
1.2245,0.19067135035956687
1.2295,0.16840323683818964
1.2345,0.16960963576485566
1.2395,0.1652263863313024
1.2445,0.21468874232460983
1.2495,0.26405056507402846
1.2545,0.24496935538392733
1.2595,0.24852823221759213
1.2645,0.28047769712546433
1.2695,0.31999731529816583
1.2745,0.3712692696814723
1.2795,0.4372190776725489
1.2845,0.5336304585619429
1.2895,0.6677418059096505
1.2945,0.8358333896917848
1.2995,1.038910542347234
1.3045,1.2557607494154537
1.3095,1.4542133728520166
1.3145,1.6046111057097157
1.3195000000000001,1.638691875388031
1.3245,1.577366596615841
1.3295000000000001,1.4965378685292168
1.3345,1.4358157892203594
1.3395000000000001,1.4622560323631235
1.3445,1.623310289073039
1.3495,1.8321178366301523
1.3545,1.9674355829045256
1.3595,2.0370045876756007
1.3645,2.0717890900611375
1.3695,2.103155462154455
1.3745,2.1518135521966517
1.3795,2.22620815267439
1.3845,2.3097512783460132
1.3895,2.3770080185076448
1.3945,2.4075701246498507
1.3995,2.4488892878881625
1.4045,2.5290142832675655
1.4095,2.6054195486230807
1.4145,2.6552840375919433
1.4195,2.6718720228336013
1.4245,2.674686953662489
1.4295,2.6747874869063777
1.4345,2.670967223638602
1.4395,2.6717714895897124
1.4445000000000001,2.6744858871747113
1.4495,2.6730784217602674
1.4545000000000001,2.6570936359819424
1.4595,2.6379923196430637
1.4645000000000001,2.63397098988751
1.4695,2.6486488434952804
1.4745,2.6743853539308224
1.4795,2.6757928193452662
1.4845,2.6752901531258217
1.4895,2.6632261638591617
1.4945,2.6610144324936074
1.4995,2.658702167884164
1.5045,2.6444264472519494
1.5095,2.6603106997863852
1.5145,2.6753906863697106
1.5195,2.6712688233702684
1.5245,2.656792036250276
1.5295,2.6251240644252927
1.5345,2.518558825903126
1.5395,2.4155122509170686
1.5445,2.3052272823710154
1.5495,2.1864975213382998
1.5545,2.2101228336521768
1.5595,2.199265243312182
1.5645,2.213641497188286
1.5695000000000001,2.1607610109027577
1.5745,2.0984303996916793
1.5795000000000001,2.100340531325567
1.5845,2.1002399980816784
1.5895000000000001,2.0301683270911597
1.5945,2.0419307166261533
1.5995000000000001,2.0081515466795046
1.6045,1.9018879078890043
1.6095,1.8531292846029188
1.6145,1.7566173704696362
1.6195,1.7060491487935514
1.6245,1.5532386180825202
1.6295,1.4652720296797885
1.6345,1.410984077979817
1.6395,1.3801203721059443
1.6445,1.3124614989687575
1.6495,1.296175113458766
1.6545,1.3822315702276098
1.6595,1.4615522996559018
1.6645,1.56017541191085
1.6695,1.7185152710357672
1.6745,1.9268201523734358
1.6795,2.066360294891141
1.6845,2.0193107367511653
1.6895,1.8010530642685016
1.6945000000000001,1.5559530156675188
1.6995,1.3842422351053865
1.7045000000000001,1.2455063585387924
1.7095,1.0942038264860938
1.7145000000000001,0.9392820976533972
1.7195,0.8406589853984489
1.7245000000000001,0.8139171425240184
1.7295,0.8011494205501362
1.7345,0.73861774285128
1.7395,0.6383860986941103
1.7445,0.5474035129747135
1.7495,0.4886920985436331
1.7545,0.4761254430575286
1.7595,0.4941208937136302
1.7645,0.5190531381980616
1.7695,0.527497930684724
1.7745,0.527497930684724
1.7795,0.5226723349780598
1.7845,0.5070896821752902
1.7895,0.49653369156696237
1.7945,0.47803557469141644
1.7995,0.4634582543275352
1.8045,0.47129984735086444
1.8095,0.4941208937136302
1.8145,0.5124179441013984
1.8195000000000001,0.47853824091086067
1.8245,0.38574605680146473
1.8295000000000001,0.2948941642991234
1.8345,0.25043836385148
1.8395000000000001,0.2263606519401037
1.8445,0.20367029879439338
1.8495000000000001,0.21143146522261155
1.8545,0.25883288971619783
1.8595,0.29886522743273247
1.8645,0.268232748019804
1.8695,0.21817724588755247
1.8745,0.19671339831728593
1.8795,0.1916264161765108
1.8845,0.17336957908629813
1.8895,0.14823626811408908
1.8945,0.12781796628026643
1.8995,0.12663167400237815
1.9045,0.1381427304276499
1.9095,0.14909080068714417
1.9145,0.15464023574980792
1.9195,0.14769338859708933
1.9245,0.12426914277099049
1.9295,0.10237300225200198
1.9345,0.09251069102650714
1.9395,0.08660938961023243
1.9445000000000001,0.07227334903168439
1.9495,0.05351384572202754
