0.5 0.00005323
5.5 0.00007189
10.5    0.00008615
15.5    0.00009202
20.5    0.00010183
25.5    0.00012361
30.5    0.00014691
35.5    0.00015382
40.5    0.0001483
45.5    0.00013741
50.5    0.00012596
55.5    0.00012714
60.5    0.00014745
65.5    0.00017245
70.5    0.00019061
75.5    0.00019567
80.5    0.00021702
85.5    0.00026681
90.5    0.00029728
95.5    0.00025746
100.5   0.00021031
105.5   0.00020259
110.5   0.00022516
115.5   0.00024911
120.5   0.00029333
125.5   0.0003837
130.5   0.000476
135.5   0.0005097
140.5   0.0004915
145.5   0.0004688
150.5   0.000461
155.5   0.0004755
160.5   0.0004939
165.5   0.0005044
170.5   0.0005199
175.5   0.0005247
180.5   0.0005247
185.5   0.0005163
190.5   0.0004915
195.5   0.0004736
200.5   0.0004861
205.5   0.0005445
210.5   0.000635
215.5   0.0007347
220.5   0.0007969
225.5   0.0008096
230.5   0.0008362
235.5   0.0009343
240.5   0.0010884
245.5   0.0012389
250.5   0.0013769
255.5   0.0015477
260.5   0.0017915
265.5   0.0020086
270.5   0.0020554
275.5   0.0019166
280.5   0.0017094
285.5   0.0015519
290.5   0.0014538
295.5   0.0013749
300.5   0.0012893
305.5   0.0013055
310.5   0.0013728
315.5   0.0014035
320.5   0.0014575
325.5   0.001545
330.5   0.001697
335.5   0.0017473
340.5   0.0018433
345.5   0.0018918
350.5   0.0019975
355.5   0.0020311
360.5   0.0020194
365.5   0.0020891
370.5   0.0020892
375.5   0.0020873
380.5   0.0021493
385.5   0.0022019
390.5   0.0021876
395.5   0.0021984
400.5   0.0021749
405.5   0.002293
410.5   0.0024027
415.5   0.0025052
420.5   0.0026112
425.5   0.0026427
430.5   0.0026571
435.5   0.0026612
440.5   0.0026462
445.5   0.0026304
450.5   0.0026446
455.5   0.0026469
460.5   0.0026491
465.5   0.0026611
470.5   0.0026616
475.5   0.0026602
480.5   0.0026346
485.5   0.00262
490.5   0.002624
495.5   0.002643
500.5   0.0026589
505.5   0.0026603
510.5   0.0026576
515.5   0.0026568
520.5   0.0026606
525.5   0.0026605
530.5   0.0026577
535.5   0.0026412
540.5   0.0025916
545.5   0.0025156
550.5   0.0024359
555.5   0.0023948
560.5   0.0023644
565.5   0.0022975
570.5   0.0022144
575.5   0.0021404
580.5   0.002092
585.5   0.0020608
590.5   0.0020262
595.5   0.001957
600.5   0.0018224
605.5   0.0016147
610.5   0.0014545
615.5   0.0014282
620.5   0.0014886
625.5   0.001569
630.5   0.00163
635.5   0.0015961
640.5   0.0014465
645.5   0.0012491
650.5   0.0010334
655.5   0.0008314
660.5   0.0006642
665.5   0.0005308
670.5   0.0004349
675.5   0.0003693
680.5   0.0003183
685.5   0.00027899
690.5   0.00024721
695.5   0.00024367
700.5   0.00026265
705.5   0.00021355
710.5   0.00016435
715.5   0.00016871
720.5   0.00016751
725.5   0.00018966
730.5   0.00019765
735.5   0.00019516
740.5   0.00023449
745.5   0.00030527
750.5   0.000341
755.5   0.0003756
760.5   0.00029662
765.5   0.00028394
770.5   0.0003248
775.5   0.00009658
780.5   0.00003794
785.5   0.00005468
790.5   0.00008731
795.5   0.00010601
800.5   0.00009465
805.5   0.00009026
810.5   0.0000921
815.5   0.00010015
820.5   0.00009165
825.5   0.0000753
830.5   0.00006124
835.5   0.00005482
840.5   0.00005226
845.5   0.00005386
850.5   0.00005795
855.5   0.00006284
860.5   0.00006703
865.5   0.00006777
870.5   0.000066
875.5   0.0000591
880.5   0.00004693
885.5   0.00003347
890.5   0.000022067
895.5   0.000014266
900.5   0.000009856
905.5   0.000007995
910.5   0.000007836
915.5   0.000009124
920.5   0.00001149
925.5   0.000014548
930.5   0.000017417
935.5   0.000018535
940.5   0.000018048
945.5   0.000016281
950.5   0.000013877
955.5   0.000011761
960.5   0.000010332
965.5   0.000010183
970.5   0.000011357
975.5   0.000009065
980.5   0.00000618
985.5   0.000006555
990.5   0.000005595
995.5   0.0000019004
1000.5  0.0000011551
1005.5  0.000001722
1010.5  0.000002092
1015.5  0.0000018578
1020.5  0.0000013361
1025.5  6.707e-7
1030.5  3.886e-7
1035.5  2.1825e-7
1040.5  1.4106e-7
1045.5  1.1179e-7
1050.5  6.654e-8
1055.5  3.46e-8
1060.5  3.726e-8
1065.5  4.259e-8
1070.5  3.992e-8
1075.5  4.259e-8
1080.5  6.388e-8
1085.5  1.1179e-7
1090.5  1.3042e-7
1095.5  9.848e-8
1100.5  8.783e-8
1105.5  1.1711e-7
1110.5  1.4639e-7
1115.5  1.3308e-7
1120.5  1.1445e-7
1125.5  9.582e-8
1130.5  8.251e-8
1135.5  7.452e-8
1140.5  9.315e-8
1145.5  1.038e-7
1150.5  8.783e-8
1155.5  5.057e-8
1160.5  2.3954e-8
1165.5  1.3308e-8
1170.5  1.0646e-8
1175.5  1.0646e-8
1180.5  5.323e-9
1185.5  5.323e-9
1190.5  7.985e-9
1195.5  1.0646e-8
1200.5  7.985e-9
1205.5  7.985e-9
1210.5  5.323e-9
1215.5  5.323e-9
1220.5  2.6616e-9
1225.5  0
1230.5  0
