1445.5  0
1450.5  0
1455.5  0.00000604
1460.5  0.00023938
1465.5  0.0004106
1470.5  0.0007475
1475.5  0.0031085
1480.5  0.009511
1485.5  0.013559
1490.5  0.01674
1495.5  0.020908
1500.5  0.021806
1505.5  0.020985
1510.5  0.018796
1515.5  0.014427
1520.5  0.009128
1525.5  0.0018431
1530.5  0.00007584
1535.5  0.000023136
1540.5  0.00008166
1545.5  0.00015646
1550.5  0.00020875
1555.5  0.0006662
1560.5  0.001496
1565.5  0.0014217
1570.5  0.0013121
1575.5  0.0026131
1580.5  0.003556
1585.5  0.003737
1590.5  0.004729
1595.5  0.005595
1600.5  0.004882
1605.5  0.003231
1610.5  0.003932
1615.5  0.004246
1620.5  0.0034
1625.5  0.0016225
1630.5  0.0007433
1635.5  0.0000577
1640.5  2.1806e-7
1645.5  0
1650.5  0
