1440.5  0
1445.5  0
1450.5  0
1455.5  3.1532e-7
1460.5  0.00008687
1465.5  0.00011361
1470.5  0.00018131
1475.5  0.0008926
1480.5  0.003781
1485.5  0.005649
1490.5  0.007492
1495.5  0.011019
1500.5  0.012345
1505.5  0.013107
1510.5  0.012795
1515.5  0.010958
1520.5  0.00804
1525.5  0.0012929
1530.5  0.00003789
1535.5  0.000012245
1540.5  0.00009123
1545.5  0.00019584
1550.5  0.00021237
1555.5  0.0008896
1560.5  0.0025473
1565.5  0.0022356
1570.5  0.0018552
1575.5  0.004923
1580.5  0.007254
1585.5  0.007254
1590.5  0.010429
1595.5  0.013139
1600.5  0.012084
1605.5  0.007604
1610.5  0.010832
1615.5  0.012219
1620.5  0.010629
1625.5  0.00473
1630.5  0.0029585
1635.5  0.00011253
1640.5  5.65e-7
1645.5  0
1650.5  0
1655.5  0
