1415.5  0
1420.5  0
1425.5  0
1430.5  6.121e-7
1435.5  0.00001798
1440.5  0.000868
1445.5  0.014199
1450.5  0.06442
1455.5  0.07651
1460.5  0.016531
1465.5  0.014165
1470.5  0.010464
1475.5  0.0025372
1480.5  0.00013543
1485.5  0.0000482
1490.5  0.00004193
1495.5  0.000006121
1500.5  0.0000020658
1505.5  5.356e-7
1510.5  0
1515.5  0
1520.5  0
1525.5  0
1530.5  0
1535.5  0
1540.5  0
1545.5  0
1550.5  0
1555.5  0
1560.5  0
1565.5  0
1570.5  0
1575.5  0
1580.5  0
1585.5  0
1590.5  0
1595.5  3.826e-7
1600.5  0.0000026779
1605.5  0.00003971
1610.5  0.000006886
1615.5  0.0000023719
1620.5  0
1625.5  0
1630.5  0
