705.5   0
710.5   0
715.5   0
720.5   2.103e-7
725.5   0
730.5   0
735.5   0
740.5   0
745.5   0
750.5   2.103e-7
755.5   0
760.5   2.103e-7
765.5   2.103e-7
770.5   0
775.5   4.136e-7
780.5   0.000002082
785.5   0.0000010445
790.5   6.239e-7
795.5   6.239e-7
800.5   4.136e-7
805.5   0.0000012478
810.5   0.0000014581
815.5   0.0000014581
820.5   0.0000010445
825.5   0.0000031265
830.5   0.00000354
835.5   0.000004585
840.5   0.0000031265
845.5   0.00000375
850.5   0.000004998
855.5   0.000006043
860.5   0.000006253
865.5   0.000007711
870.5   0.000008125
875.5   0.000010627
880.5   0.000011875
885.5   0.000017084
890.5   0.000031462
895.5   0.00004667
900.5   0.00006437
905.5   0.00009646
910.5   0.00012041
915.5   0.00014396
920.5   0.00013792
925.5   0.00012979
930.5   0.00012521
935.5   0.00012125
940.5   0.00012958
945.5   0.00015542
950.5   0.00018458
955.5   0.00019458
960.5   0.00023396
965.5   0.00026458
970.5   0.00027
975.5   0.0003417
980.5   0.0003969
985.5   0.000435
990.5   0.0005296
995.5   0.000761
1000.5  0.0009294
1005.5  0.0010431
1010.5  0.0011112
1015.5  0.0012529
1020.5  0.0014604
1025.5  0.0016892
1030.5  0.0018508
1035.5  0.0020069
1040.5  0.0020962
1045.5  0.0022162
1050.5  0.0022571
1055.5  0.0021827
1060.5  0.0023219
1065.5  0.0025277
1070.5  0.0026989
1075.5  0.0029683
1080.5  0.003385
1085.5  0.003929
1090.5  0.00428
1095.5  0.004378
1100.5  0.004605
1105.5  0.004928
1110.5  0.005375
1115.5  0.005633
1120.5  0.005799
1125.5  0.005826
1130.5  0.005876
1135.5  0.006184
1140.5  0.006535
1145.5  0.006941
1150.5  0.00701
1155.5  0.006698
1160.5  0.005864
1165.5  0.005088
1170.5  0.004782
1175.5  0.004735
1180.5  0.004267
1185.5  0.004063
1190.5  0.004467
1195.5  0.005045
1200.5  0.005138
1205.5  0.004884
1210.5  0.004671
1215.5  0.004229
1220.5  0.0030619
1225.5  0.0020996
1230.5  0.001746
1235.5  0.0015348
1240.5  0.001586
1245.5  0.0017287
1250.5  0.0018233
1255.5  0.0017098
1260.5  0.0015429
1265.5  0.0011504
1270.5  0.0007612
1275.5  0.00045
1280.5  0.00020562
1285.5  0.00011042
1290.5  0.00007271
1295.5  0.00005042
1300.5  0.000024585
1305.5  0.000015002
1310.5  0.000005209
1315.5  0.000006456
1320.5  0.000005209
1325.5  0.0000031265
1330.5  0.0000010445
1335.5  2.103e-7
1340.5  0.0000025026
1345.5  0.0000022923
1350.5  0.0000014581
1355.5  0.000002082
1360.5  0.0000022923
1365.5  0.000007501
1370.5  0.000009793
1375.5  0.000012085
1380.5  0.000008959
1385.5  0.000005209
1390.5  0.0000031265
1395.5  0.0000022923
1400.5  8.342e-7
