535.5   0
540.5   0
545.5   3.94e-9
550.5   7.879e-9
555.5   7.879e-9
560.5   1.1819e-8
565.5   1.5758e-8
570.5   2.3638e-8
575.5   3.546e-8
580.5   4.334e-8
585.5   5.121e-8
590.5   5.909e-8
595.5   7.879e-8
600.5   1.3789e-7
605.5   3.0335e-7
610.5   5.476e-7
615.5   6.028e-7
620.5   4.846e-7
625.5   3.585e-7
630.5   2.8759e-7
635.5   3.191e-7
640.5   5.555e-7
645.5   0.0000011582
650.5   0.0000025647
655.5   0.000005571
660.5   0.000011094
665.5   0.000020525
670.5   0.00003251
675.5   0.00004634
680.5   0.00006327
685.5   0.00008006
690.5   0.00009812
695.5   0.00009955
700.5   0.00008729
705.5   0.00012415
710.5   0.00018578
715.5   0.00017881
720.5   0.00017921
725.5   0.00014856
730.5   0.00013928
735.5   0.00014208
740.5   0.0001053
745.5   0.00006548
750.5   0.00005269
755.5   0.00004316
760.5   0.00006915
765.5   0.00007503
770.5   0.00005754
775.5   0.0005793
780.5   0.0009213
785.5   0.0006724
790.5   0.0004152
795.5   0.0003307
800.5   0.0003786
805.5   0.0004027
810.5   0.0003964
815.5   0.0003567
820.5   0.0003988
825.5   0.0005029
830.5   0.00062
835.5   0.0006998
840.5   0.0007198
845.5   0.000695
850.5   0.0006488
855.5   0.0006044
860.5   0.0005668
865.5   0.0005562
870.5   0.0005713
875.5   0.0006414
880.5   0.0007922
885.5   0.0010382
890.5   0.0013861
895.5   0.0017947
900.5   0.0021565
905.5   0.0023682
910.5   0.0023815
915.5   0.0022323
920.5   0.0020057
925.5   0.0017828
930.5   0.0016109
935.5   0.0015525
940.5   0.0015774
945.5   0.0016747
950.5   0.0018216
955.5   0.0019829
960.5   0.00211
965.5   0.0021184
970.5   0.0020051
975.5   0.002227
980.5   0.0025986
985.5   0.0025423
990.5   0.0026922
995.5   0.003553
1000.5  0.003793
1005.5  0.003603
1010.5  0.003486
1015.5  0.003559
1020.5  0.003732
1025.5  0.003934
1030.5  0.00394
1035.5  0.003809
1040.5  0.003639
1045.5  0.00352
1050.5  0.00321
1055.5  0.0027823
1060.5  0.0028614
1065.5  0.002912
1070.5  0.0028937
1075.5  0.002912
1080.5  0.003193
1085.5  0.003521
1090.5  0.003596
1095.5  0.003455
1100.5  0.003392
1105.5  0.003541
1110.5  0.003655
1115.5  0.003612
1120.5  0.003531
1125.5  0.00344
1130.5  0.003358
1135.5  0.0033
1140.5  0.003416
1145.5  0.003477
1150.5  0.003371
1155.5  0.0030522
1160.5  0.0025507
1165.5  0.0021468
1170.5  0.0019745
1175.5  0.0019324
1180.5  0.0016597
1185.5  0.0015681
1190.5  0.0017041
1195.5  0.0019231
1200.5  0.0018813
1205.5  0.0017175
1210.5  0.0016443
1215.5  0.0014563
1220.5  0.0010078
1225.5  0.0006686
1230.5  0.0005563
1235.5  0.000494
1240.5  0.0005212
1245.5  0.0005767
1250.5  0.0006169
1255.5  0.0005813
1260.5  0.0005148
1265.5  0.000377
1270.5  0.00025247
1275.5  0.00016028
1280.5  0.00006929
1285.5  0.00003546
1290.5  0.000025028
1295.5  0.000018662
1300.5  0.000009676
1305.5  0.000004412
1310.5  0.0000028759
1315.5  0.0000026986
1320.5  0.0000019737
1325.5  8.391e-7
1330.5  4.255e-7
1335.5  4.688e-7
1340.5  5.476e-7
1345.5  5.752e-7
1350.5  6.422e-7
1355.5  0.0000011031
1360.5  0.0000024701
1365.5  0.000004582
1370.5  0.000008884
1375.5  0.000011232
1380.5  0.000006299
1385.5  0.000003668
1390.5  0.0000017886
1395.5  5.87e-7
1400.5  2.3638e-7
1405.5  1.2213e-7
1410.5  4.728e-8
1415.5  3.1517e-8
1420.5  2.3638e-8
1425.5  7.879e-9
1430.5  3.94e-9
1435.5  3.94e-9
1440.5  0
1445.5  0
