685.5   0
690.5   2.1107e-7
695.5   0.0000012498
700.5   2.1107e-7
705.5   0.0000018774
710.5   0.000004166
715.5   0.000004583
720.5   0.000004794
725.5   0.000003749
730.5   0.000003544
735.5   0.000003544
740.5   0.0000027106
745.5   0.000002294
750.5   0.000002083
755.5   0.0000018774
760.5   8.332e-7
765.5   0.00000396
770.5   0.000006665
775.5   0.00003917
780.5   0.00007479
785.5   0.00005396
790.5   0.00003604
795.5   0.000028956
800.5   0.000031456
805.5   0.00003813
810.5   0.00004271
815.5   0.00003563
820.5   0.000045
825.5   0.00006792
830.5   0.000085
835.5   0.00010292
840.5   0.00011334
845.5   0.00010979
850.5   0.00012
855.5   0.00010958
860.5   0.00010521
865.5   0.00011271
870.5   0.00012208
875.5   0.00014354
880.5   0.00019563
885.5   0.00030979
890.5   0.0004258
895.5   0.0006615
900.5   0.0008337
905.5   0.0010206
910.5   0.0010592
915.5   0.0009623
920.5   0.0008783
925.5   0.0007392
930.5   0.0006996
935.5   0.0006712
940.5   0.0007456
945.5   0.0008258
950.5   0.0009246
955.5   0.0010944
960.5   0.0011879
965.5   0.0012112
970.5   0.0012031
975.5   0.0014456
980.5   0.0017492
985.5   0.0018308
990.5   0.0021748
995.5   0.003224
1000.5  0.003782
1005.5  0.003528
1010.5  0.003304
1015.5  0.003531
1020.5  0.003821
1025.5  0.004503
1030.5  0.004906
1035.5  0.005274
1040.5  0.005232
1045.5  0.005456
1050.5  0.005383
1055.5  0.005151
1060.5  0.005186
1065.5  0.005254
1070.5  0.00519
1075.5  0.005329
1080.5  0.005409
1085.5  0.005555
1090.5  0.005421
1095.5  0.005268
1100.5  0.005268
1105.5  0.005228
1110.5  0.005035
1115.5  0.004833
1120.5  0.004748
1125.5  0.004561
1130.5  0.004433
1135.5  0.004206
1140.5  0.004076
1145.5  0.003821
1150.5  0.00352
1155.5  0.003221
1160.5  0.0028229
1165.5  0.0024481
1170.5  0.0022027
1175.5  0.0020285
1180.5  0.0017723
1185.5  0.0016625
1190.5  0.0016206
1195.5  0.0016021
1200.5  0.0014035
1205.5  0.0011929
1210.5  0.0009969
1215.5  0.0007552
1220.5  0.0005271
1225.5  0.000345
1230.5  0.00027979
1235.5  0.00023666
1240.5  0.00022771
1245.5  0.00021104
1250.5  0.00017562
1255.5  0.00014125
1260.5  0.00009479
1265.5  0.00004625
1270.5  0.000024585
1275.5  0.000007082
1280.5  0.0000024996
1285.5  6.277e-7
1290.5  0.0000010443
1295.5  2.1107e-7
