565.5   0
570.5   3.96e-9
575.5   3.96e-9
580.5   3.96e-9
585.5   3.96e-9
590.5   3.96e-9
595.5   7.921e-9
600.5   1.5842e-8
605.5   3.564e-8
610.5   6.733e-8
615.5   7.525e-8
620.5   5.941e-8
625.5   4.357e-8
630.5   3.168e-8
635.5   3.564e-8
640.5   6.733e-8
645.5   1.5446e-7
650.5   3.762e-7
655.5   9.03e-7
660.5   0.0000019604
665.5   0.000003949
670.5   0.000006665
675.5   0.000010016
680.5   0.000014388
685.5   0.000018872
690.5   0.000023878
695.5   0.000024242
700.5   0.000020793
705.5   0.000031407
710.5   0.00005055
715.5   0.00004831
720.5   0.00004837
725.5   0.00003874
730.5   0.0000359
735.5   0.00003675
740.5   0.00002585
745.5   0.00001486
750.5   0.000011557
755.5   0.00000918
760.5   0.00001583
765.5   0.000017402
770.5   0.000012773
775.5   0.00021932
780.5   0.0003578
785.5   0.00024063
790.5   0.00013274
795.5   0.0001007
800.5   0.00011864
805.5   0.00012805
810.5   0.00012582
815.5   0.00011051
820.5   0.00012677
825.5   0.00016893
830.5   0.00021886
835.5   0.00025549
840.5   0.0002637
845.5   0.00025194
850.5   0.00023118
855.5   0.00021204
860.5   0.00019582
865.5   0.00019096
870.5   0.00019737
875.5   0.0002283
880.5   0.00029746
885.5   0.0004193
890.5   0.0006108
895.5   0.0008662
900.5   0.0011214
905.5   0.0012868
910.5   0.0012956
915.5   0.0011786
920.5   0.0010115
925.5   0.0008595
930.5   0.0007483
935.5   0.0007119
940.5   0.0007273
945.5   0.0007889
950.5   0.0008842
955.5   0.0009953
960.5   0.0010868
965.5   0.0010916
970.5   0.0010085
975.5   0.0011715
980.5   0.0014731
985.5   0.0014249
990.5   0.0015554
995.5   0.0025311
1000.5  0.0029171
1005.5  0.0025848
1010.5  0.0024151
1015.5  0.0025189
1020.5  0.002799
1025.5  0.003319
1030.5  0.003638
1035.5  0.003863
1040.5  0.003945
1045.5  0.00396
1050.5  0.003919
1055.5  0.003742
1060.5  0.003783
1065.5  0.003807
1070.5  0.003799
1075.5  0.003807
1080.5  0.003915
1085.5  0.00396
1090.5  0.003953
1095.5  0.00396
1100.5  0.003955
1105.5  0.003959
1110.5  0.00394
1115.5  0.00395
1120.5  0.00396
1125.5  0.00396
1130.5  0.003951
1135.5  0.003941
1140.5  0.003954
1145.5  0.003957
1150.5  0.003949
1155.5  0.003867
1160.5  0.003604
1165.5  0.003304
1170.5  0.0031511
1175.5  0.0031124
1180.5  0.0028427
1185.5  0.0027444
1190.5  0.0028889
1195.5  0.0031038
1200.5  0.0030645
1205.5  0.0029027
1210.5  0.0028288
1215.5  0.0026213
1220.5  0.002051
1225.5  0.001533
1230.5  0.0013383
1235.5  0.0012254
1240.5  0.0012753
1245.5  0.0013745
1250.5  0.0014441
1255.5  0.0013826
1260.5  0.0012637
1265.5  0.0009996
1270.5  0.0007341
1275.5  0.0005137
1280.5  0.00026157
1285.5  0.00015087
1290.5  0.00011298
1295.5  0.00008841
1300.5  0.00005096
1305.5  0.000026084
1310.5  0.00001808
1315.5  0.000017165
1320.5  0.000013101
1325.5  0.000006265
1330.5  0.000003454
1335.5  0.000003762
1340.5  0.000004325
1345.5  0.000004495
1350.5  0.000004962
1355.5  0.000007929
1360.5  0.000015874
1365.5  0.000026947
1370.5  0.00004732
1375.5  0.0000578
1380.5  0.00003541
1385.5  0.000022325
1390.5  0.00001204
1395.5  0.000004598
1400.5  0.0000020753
1405.5  0.0000011525
1410.5  4.99e-7
1415.5  3.406e-7
1420.5  2.6139e-7
1425.5  1.0297e-7
1430.5  5.545e-8
1435.5  3.168e-8
1440.5  1.5842e-8
1445.5  7.921e-9
1450.5  3.96e-9
1455.5  0
1460.5  0
