455.5   0
460.5   2.0863e-7
465.5   2.0863e-7
470.5   4.173e-7
475.5   2.0863e-7
480.5   0.0000012518
485.5   0.0000010431
490.5   6.259e-7
495.5   4.173e-7
500.5   0.0000010431
505.5   0.0000014604
510.5   8.345e-7
515.5   0.0000010431
520.5   6.259e-7
525.5   6.259e-7
530.5   0.0000012518
535.5   0.0000010431
540.5   0.000003334
545.5   0.000004581
550.5   0.000005207
555.5   0.000005625
560.5   0.000008958
565.5   0.000011875
570.5   0.000015835
575.5   0.000019373
580.5   0.000024584
585.5   0.000023333
590.5   0.000028749
595.5   0.00003646
600.5   0.00005125
605.5   0.00007396
610.5   0.00009458
615.5   0.00010813
620.5   0.0000975
625.5   0.00010271
630.5   0.00009375
635.5   0.0001025
640.5   0.00014
645.5   0.00019375
650.5   0.00029229
655.5   0.0004025
660.5   0.0005408
665.5   0.0007287
670.5   0.0009246
675.5   0.0010452
680.5   0.001245
685.5   0.0013215
690.5   0.0014638
695.5   0.0014712
700.5   0.0014683
705.5   0.0016315
710.5   0.0019381
715.5   0.0019231
720.5   0.0019315
725.5   0.0017865
730.5   0.0017529
735.5   0.0017012
740.5   0.001495
745.5   0.0012367
750.5   0.0011165
755.5   0.0011283
760.5   0.0012827
765.5   0.0013508
770.5   0.0014523
775.5   0.003001
780.5   0.003853
785.5   0.00351
790.5   0.0028483
795.5   0.0025385
800.5   0.0026765
805.5   0.002681
810.5   0.0025894
815.5   0.0025494
820.5   0.0026069
825.5   0.0028648
830.5   0.0030835
835.5   0.0031546
840.5   0.003175
845.5   0.003099
850.5   0.0029712
855.5   0.0028333
860.5   0.0027252
865.5   0.0026312
870.5   0.0026448
875.5   0.0027919
880.5   0.0029367
885.5   0.003265
890.5   0.003615
895.5   0.00394
900.5   0.004159
905.5   0.004173
910.5   0.004055
915.5   0.003772
920.5   0.003524
925.5   0.003285
930.5   0.0030485
935.5   0.0029042
940.5   0.0028233
945.5   0.0027677
950.5   0.0028344
955.5   0.0028113
960.5   0.002776
965.5   0.0027123
970.5   0.0025525
975.5   0.0025394
980.5   0.002579
985.5   0.0024829
990.5   0.0024006
995.5   0.0025262
1000.5  0.0024829
1005.5  0.0022985
1010.5  0.0021179
1015.5  0.002056
1020.5  0.0019408
1025.5  0.00187
1030.5  0.0017535
1035.5  0.0015756
1040.5  0.0014275
1045.5  0.0013302
1050.5  0.0011869
1055.5  0.0010335
1060.5  0.0009569
1065.5  0.0009056
1070.5  0.0008315
1075.5  0.0007575
1080.5  0.0007219
1085.5  0.0006796
1090.5  0.0006252
1095.5  0.0005521
1100.5  0.00048
1105.5  0.0004329
1110.5  0.0004106
1115.5  0.0003475
1120.5  0.00031125
1125.5  0.00027479
1130.5  0.00022375
1135.5  0.00021208
1140.5  0.00017437
1145.5  0.00015854
1150.5  0.00013312
1155.5  0.00011208
1160.5  0.00008063
1165.5  0.00006563
1170.5  0.00005604
1175.5  0.00005062
1180.5  0.00003333
1185.5  0.000028331
1190.5  0.000027084
1195.5  0.000021251
1200.5  0.000018751
1205.5  0.000012292
1210.5  0.000011458
1215.5  0.000006459
1220.5  0.000004581
1225.5  0.000002708
1230.5  0.0000020821
1235.5  0.0000014604
1240.5  0.0000012518
1245.5  4.173e-7
1250.5  6.259e-7
1255.5  2.0863e-7
1260.5  2.0863e-7
