215.5   0
220.5   2.6601e-9
225.5   2.6601e-9
230.5   2.6601e-9
235.5   2.6601e-9
240.5   5.32e-9
245.5   1.064e-8
250.5   1.596e-8
255.5   2.6601e-8
260.5   4.788e-8
265.5   9.044e-8
270.5   1.0374e-7
275.5   6.916e-8
280.5   3.99e-8
285.5   2.6601e-8
290.5   1.862e-8
295.5   1.596e-8
300.5   1.33e-8
305.5   1.33e-8
310.5   1.596e-8
315.5   1.596e-8
320.5   1.862e-8
325.5   2.3941e-8
330.5   3.724e-8
335.5   4.256e-8
340.5   5.586e-8
345.5   6.384e-8
350.5   8.512e-8
355.5   9.31e-8
360.5   9.044e-8
365.5   1.1172e-7
370.5   1.1172e-7
375.5   1.0906e-7
380.5   1.33e-7
385.5   1.5428e-7
390.5   1.4896e-7
395.5   1.5162e-7
400.5   1.4098e-7
405.5   2.0483e-7
410.5   2.9793e-7
415.5   4.469e-7
420.5   7.98e-7
425.5   0.0000010587
430.5   0.0000013167
435.5   0.0000017929
440.5   0.0000024074
445.5   0.000002817
450.5   0.0000024526
455.5   0.0000023861
460.5   0.0000023196
465.5   0.0000018009
470.5   0.0000015322
475.5   0.00000187
480.5   0.0000027159
485.5   0.0000030564
490.5   0.00000295
495.5   0.0000024765
500.5   0.0000018753
505.5   0.0000017556
510.5   0.0000019525
515.5   0.0000019312
520.5   0.000001604
525.5   0.0000015801
530.5   0.0000018674
535.5   0.0000025244
540.5   0.000003655
545.5   0.000005195
550.5   0.000006858
555.5   0.000007762
560.5   0.000008456
565.5   0.000010074
570.5   0.000012276
575.5   0.000014447
580.5   0.000015982
585.5   0.000017024
590.5   0.000018232
595.5   0.000020831
600.5   0.000026752
605.5   0.00003812
610.5   0.00004971
615.5   0.00005189
620.5   0.000047
625.5   0.00004114
630.5   0.00003715
635.5   0.00003918
640.5   0.00005018
645.5   0.00006952
650.5   0.00009924
655.5   0.00014052
660.5   0.00019131
665.5   0.00025124
670.5   0.00030969
675.5   0.000363
680.5   0.0004164
685.5   0.0004638
690.5   0.0005091
695.5   0.0005134
700.5   0.0004841
705.5   0.0005668
710.5   0.0006787
715.5   0.0006672
720.5   0.0006688
725.5   0.0006151
730.5   0.0005976
735.5   0.0006029
740.5   0.0005274
745.5   0.0004266
750.5   0.0003871
755.5   0.0003541
760.5   0.0004371
765.5   0.0004533
770.5   0.0004034
775.5   0.0010585
780.5   0.0013907
785.5   0.0012073
790.5   0.0009735
795.5   0.0008794
800.5   0.0009341
805.5   0.0009591
810.5   0.0009512
815.5   0.0009085
820.5   0.0009538
825.5   0.0010556
830.5   0.0011596
835.5   0.0012214
840.5   0.0012399
845.5   0.0012219
850.5   0.0011848
855.5   0.0011464
860.5   0.0011139
865.5   0.0011058
870.5   0.0011191
875.5   0.0011774
880.5   0.0012945
885.5   0.0014628
890.5   0.0016662
895.5   0.0018705
900.5   0.0020309
905.5   0.0021172
910.5   0.0021231
915.5   0.0020625
920.5   0.001966
925.5   0.0018641
930.5   0.0017812
935.5   0.001752
940.5   0.0017645
945.5   0.0018125
950.5   0.001883
955.5   0.001956
960.5   0.0020111
965.5   0.0020154
970.5   0.0019671
975.5   0.0020616
980.5   0.0022087
985.5   0.0021872
990.5   0.0022439
995.5   0.0025394
1000.5  0.0026153
1005.5  0.0025561
1010.5  0.0025185
1015.5  0.0025421
1020.5  0.0025965
1025.5  0.0026584
1030.5  0.0026601
1035.5  0.0026202
1040.5  0.0025674
1045.5  0.0025295
1050.5  0.0024274
1055.5  0.0022771
1060.5  0.0023058
1065.5  0.0023239
1070.5  0.0023174
1075.5  0.002324
1080.5  0.0024218
1085.5  0.0025299
1090.5  0.0025538
1095.5  0.0025085
1100.5  0.0024879
1105.5  0.0025362
1110.5  0.0025725
1115.5  0.0025588
1120.5  0.0025332
1125.5  0.0025038
1130.5  0.0024768
1135.5  0.0024574
1140.5  0.0024956
1145.5  0.0025155
1150.5  0.0024809
1155.5  0.0023733
1160.5  0.0021903
1165.5  0.0020279
1170.5  0.0019527
1175.5  0.001934
1180.5  0.0018067
1185.5  0.0017614
1190.5  0.0018282
1195.5  0.0019298
1200.5  0.001911
1205.5  0.0018346
1210.5  0.0018
1215.5  0.0017049
1220.5  0.0014462
1225.5  0.0012038
1230.5  0.0011076
1235.5  0.0010503
1240.5  0.0010758
1245.5  0.0011257
1250.5  0.0011601
1255.5  0.0011297
1260.5  0.0010699
1265.5  0.0009306
1270.5  0.0007777
1275.5  0.0006346
1280.5  0.0004359
1285.5  0.0003229
1290.5  0.0002763
1295.5  0.00024228
1300.5  0.00018114
1305.5  0.00012701
1310.5  0.00010485
1315.5  0.00010235
1320.5  0.00008895
1325.5  0.00006074
1330.5  0.00004472
1335.5  0.00004673
1340.5  0.00005018
1345.5  0.00005118
1350.5  0.00005386
1355.5  0.00006857
1360.5  0.00009798
1365.5  0.00012919
1370.5  0.00017377
1375.5  0.00019362
1380.5  0.00014953
1385.5  0.0001174
1390.5  0.00008514
1395.5  0.00005179
1400.5  0.00003446
1405.5  0.000025555
1410.5  0.0000167
1415.5  0.000013742
1420.5  0.000012079
1425.5  0.000007483
1430.5  0.000005626
1435.5  0.000004288
1440.5  0.0000028809
1445.5  0.0000018674
1450.5  0.0000011758
1455.5  7.794e-7
1460.5  4.283e-7
1465.5  4.123e-7
1470.5  3.857e-7
1475.5  2.9793e-7
1480.5  2.1015e-7
1485.5  1.862e-7
1490.5  1.7024e-7
1495.5  1.3832e-7
1500.5  1.2502e-7
1505.5  1.0906e-7
1510.5  8.778e-8
1515.5  7.714e-8
1520.5  6.65e-8
1525.5  3.99e-8
1530.5  2.1281e-8
1535.5  1.862e-8
1540.5  2.3941e-8
1545.5  2.6601e-8
1550.5  2.6601e-8
1555.5  3.458e-8
1560.5  4.522e-8
1565.5  4.256e-8
1570.5  4.256e-8
1575.5  5.586e-8
1580.5  6.384e-8
1585.5  6.384e-8
1590.5  7.714e-8
1595.5  1.064e-7
1600.5  1.2768e-7
1605.5  1.7024e-7
1610.5  1.4098e-7
1615.5  1.2502e-7
1620.5  7.714e-8
1625.5  5.32e-8
1630.5  4.788e-8
1635.5  2.3941e-8
1640.5  1.33e-8
1645.5  5.32e-9
1650.5  2.6601e-9
1655.5  2.6601e-9
1660.5  2.6601e-9
1665.5  0
