285.5   0
290.5   2.0805e-7
295.5   6.241e-7
300.5   4.161e-7
305.5   0.0000010402
310.5   8.322e-7
315.5   0.0000020843
320.5   0.000003749
325.5   0.000004377
330.5   0.000003749
335.5   0.000005209
340.5   0.0000031245
345.5   0.000005001
350.5   0.000007293
355.5   0.000008958
360.5   0.000007709
365.5   0.000010834
370.5   0.000011666
375.5   0.000014583
380.5   0.000013126
385.5   0.000017707
390.5   0.000020624
395.5   0.000018751
400.5   0.000019791
405.5   0.000027293
410.5   0.00003646
415.5   0.00004208
420.5   0.00005667
425.5   0.00006021
430.5   0.00007604
435.5   0.00008708
440.5   0.00009958
445.5   0.00011688
450.5   0.0001325
455.5   0.00013083
460.5   0.00015708
465.5   0.00016333
470.5   0.00017354
475.5   0.00019
480.5   0.00021792
485.5   0.00026396
490.5   0.00027083
495.5   0.00029979
500.5   0.000285
505.5   0.0003217
510.5   0.0003587
515.5   0.000384
520.5   0.0004035
525.5   0.0004413
530.5   0.0004752
535.5   0.000534
540.5   0.0006196
545.5   0.0007238
550.5   0.0008077
555.5   0.000876
560.5   0.0009623
565.5   0.0011127
570.5   0.0011969
575.5   0.0012823
580.5   0.0014244
585.5   0.0015673
590.5   0.0016558
595.5   0.0018081
600.5   0.0019623
605.5   0.0021473
610.5   0.002334
615.5   0.0024648
620.5   0.0025492
625.5   0.0027079
630.5   0.0028873
635.5   0.0030892
640.5   0.003341
645.5   0.003479
650.5   0.003731
655.5   0.003843
660.5   0.003853
665.5   0.003836
670.5   0.003757
675.5   0.003703
680.5   0.003665
685.5   0.003586
690.5   0.003501
695.5   0.003439
700.5   0.003518
705.5   0.003315
710.5   0.0031538
715.5   0.0030996
720.5   0.003141
725.5   0.0031244
730.5   0.003166
735.5   0.0031394
740.5   0.003236
745.5   0.003448
750.5   0.003639
755.5   0.003761
760.5   0.003741
765.5   0.003785
770.5   0.003818
775.5   0.0029458
780.5   0.0023317
785.5   0.0023933
790.5   0.0026019
795.5   0.002695
800.5   0.0025963
805.5   0.0025892
810.5   0.0025294
815.5   0.0024783
820.5   0.0024552
825.5   0.0023129
830.5   0.0021325
835.5   0.0020492
840.5   0.0019685
845.5   0.0019238
850.5   0.001905
855.5   0.0019152
860.5   0.0019181
865.5   0.0019119
870.5   0.0018852
875.5   0.0017908
880.5   0.0016273
885.5   0.0014662
890.5   0.0012108
895.5   0.0010431
900.5   0.0008844
905.5   0.0007679
910.5   0.0007352
915.5   0.0007202
920.5   0.0007465
925.5   0.0007402
930.5   0.0007612
935.5   0.0007352
940.5   0.0006744
945.5   0.0006417
950.5   0.000581
955.5   0.0005354
960.5   0.0004906
965.5   0.0004463
970.5   0.0004292
975.5   0.0003798
980.5   0.0003321
985.5   0.00030458
990.5   0.00028062
995.5   0.00018104
1000.5  0.00014271
1005.5  0.00014146
1010.5  0.00014458
1015.5  0.00011417
1020.5  0.00009354
1025.5  0.00007125
1030.5  0.00004979
1035.5  0.00003771
1040.5  0.00003187
1045.5  0.000018123
1050.5  0.000016875
1055.5  0.000011666
1060.5  0.00001271
1065.5  0.000009374
1070.5  0.000009166
1075.5  0.000008541
1080.5  0.000008333
1085.5  0.000007501
1090.5  0.00000875
1095.5  0.000006457
1100.5  0.000004793
1105.5  0.000006249
1110.5  0.000004585
1115.5  0.000004793
1120.5  0.0000016682
1125.5  0.0000020843
1130.5  0.0000014602
1135.5  6.241e-7
1140.5  4.161e-7
1145.5  6.241e-7
