0.5 0.000021268
5.5 0.000027053
10.5    0.000031318
15.5    0.00003304
20.5    0.0000359
25.5    0.00004212
30.5    0.00004863
35.5    0.00005054
40.5    0.00004902
45.5    0.00004599
50.5    0.00004278
55.5    0.00004312
60.5    0.00004878
65.5    0.00005566
70.5    0.00006059
75.5    0.00006196
80.5    0.00006771
85.5    0.00008098
90.5    0.00008905
95.5    0.0000785
100.5   0.00006591
105.5   0.00006383
110.5   0.00006989
115.5   0.00007628
120.5   0.00008801
125.5   0.00011184
130.5   0.00013621
135.5   0.00014515
140.5   0.00014035
145.5   0.00013431
150.5   0.00013224
155.5   0.00013609
160.5   0.00014097
165.5   0.00014377
170.5   0.00014789
175.5   0.00014918
180.5   0.00014918
185.5   0.00014693
190.5   0.00014034
195.5   0.00013558
200.5   0.00013889
205.5   0.00015447
210.5   0.00017885
215.5   0.0002062
220.5   0.00022356
225.5   0.00022708
230.5   0.00023466
235.5   0.0002628
240.5   0.00030878
245.5   0.0003559
250.5   0.0004015
255.5   0.000462
260.5   0.0005573
265.5   0.0006559
270.5   0.0006794
275.5   0.0006124
280.5   0.0005243
285.5   0.0004636
290.5   0.0004281
295.5   0.0004008
300.5   0.0003722
305.5   0.0003776
310.5   0.0004001
315.5   0.0004104
320.5   0.0004292
325.5   0.0004606
330.5   0.0005188
335.5   0.000539
340.5   0.0005791
345.5   0.0006004
350.5   0.0006496
355.5   0.0006661
360.5   0.0006603
365.5   0.0006957
370.5   0.0006958
375.5   0.0006948
380.5   0.0007282
385.5   0.0007583
390.5   0.00075
395.5   0.0007562
400.5   0.0007427
405.5   0.000815
410.5   0.0008942
415.5   0.000986
420.5   0.0011253
425.5   0.0011961
430.5   0.0012525
435.5   0.0013343
440.5   0.0014133
445.5   0.0014557
450.5   0.0014183
455.5   0.0014108
460.5   0.0014033
465.5   0.0013355
470.5   0.0012927
475.5   0.0013456
480.5   0.0014458
485.5   0.0014778
490.5   0.0014668
495.5   0.0014192
500.5   0.0013446
505.5   0.001327
510.5   0.0013555
515.5   0.0013505
520.5   0.0013031
525.5   0.0012991
530.5   0.0013418
535.5   0.0014245
540.5   0.0015246
545.5   0.0016179
550.5   0.0016916
555.5   0.0017239
560.5   0.0017459
565.5   0.0017902
570.5   0.0018385
575.5   0.0018768
580.5   0.0018998
585.5   0.0019138
590.5   0.0019287
595.5   0.0019566
600.5   0.0020035
605.5   0.0020623
610.5   0.0020952
615.5   0.0020996
620.5   0.0020891
625.5   0.0020727
630.5   0.0020586
635.5   0.0020672
640.5   0.0020972
645.5   0.002122
650.5   0.0021291
655.5   0.0021112
660.5   0.0020715
665.5   0.0020157
670.5   0.0019586
675.5   0.0019062
680.5   0.0018546
685.5   0.0018094
690.5   0.001767
695.5   0.0017629
700.5   0.00179
705.5   0.0017145
710.5   0.0016173
715.5   0.001627
720.5   0.0016254
725.5   0.0016716
730.5   0.001687
735.5   0.0016823
740.5   0.0017499
745.5   0.0018443
750.5   0.0018824
755.5   0.0019147
760.5   0.0018343
765.5   0.0018188
770.5   0.0018666
775.5   0.0013413
780.5   0.0011022
785.5   0.0012213
790.5   0.0013851
795.5   0.0014557
800.5   0.0014143
805.5   0.001396
810.5   0.0014021
815.5   0.0014338
820.5   0.0014002
825.5   0.0013271
830.5   0.0012548
835.5   0.0012137
840.5   0.0012008
845.5   0.0012124
850.5   0.0012373
855.5   0.0012637
860.5   0.0012862
865.5   0.0012915
870.5   0.0012822
875.5   0.0012426
880.5   0.001165
885.5   0.0010581
890.5   0.0009356
895.5   0.0008177
900.5   0.0007272
905.5   0.0006784
910.5   0.0006751
915.5   0.0007093
920.5   0.0007637
925.5   0.0008215
930.5   0.0008689
935.5   0.0008858
940.5   0.0008785
945.5   0.0008509
950.5   0.0008107
955.5   0.0007694
960.5   0.0007383
965.5   0.0007359
970.5   0.000763
975.5   0.0007099
980.5   0.0006266
985.5   0.0006389
990.5   0.0006064
995.5   0.0004163
1000.5  0.0003533
1005.5  0.0004063
1010.5  0.0004347
1015.5  0.0004172
1020.5  0.0003718
1025.5  0.0002911
1030.5  0.00023898
1035.5  0.00019294
1040.5  0.00016486
1045.5  0.00015067
1050.5  0.00012307
1055.5  0.00009605
1060.5  0.00010044
1065.5  0.00010337
1070.5  0.00010229
1075.5  0.00010337
1080.5  0.00012184
1085.5  0.0001508
1090.5  0.00015939
1095.5  0.00014399
1100.5  0.000138
1105.5  0.00015295
1110.5  0.00016705
1115.5  0.00016135
1120.5  0.00015191
1125.5  0.00014257
1130.5  0.00013503
1135.5  0.00013007
1140.5  0.00014066
1145.5  0.00014665
1150.5  0.00013655
1155.5  0.00011206
1160.5  0.00008434
1165.5  0.00006698
1170.5  0.00006054
1175.5  0.00005901
1180.5  0.00004962
1185.5  0.00004666
1190.5  0.00005109
1195.5  0.00005867
1200.5  0.00005718
1205.5  0.00005154
1210.5  0.00004907
1215.5  0.0000431
1220.5  0.000030019
1225.5  0.000020844
1230.5  0.00001787
1235.5  0.00001622
1240.5  0.000016942
1245.5  0.000018413
1250.5  0.000019475
1255.5  0.000018534
1260.5  0.000016773
1265.5  0.000013092
1270.5  0.000009662
1275.5  0.00000696
1280.5  0.00000393
1285.5  0.0000025528
1290.5  0.0000020546
1295.5  0.0000017161
1300.5  0.0000011604
1305.5  7.324e-7
1310.5  5.749e-7
1315.5  5.578e-7
1320.5  4.684e-7
1325.5  2.9382e-7
1330.5  2.0227e-7
1335.5  2.1291e-7
1340.5  2.3208e-7
1345.5  2.3846e-7
1350.5  2.5337e-7
1355.5  3.385e-7
1360.5  5.28e-7
1365.5  7.495e-7
1370.5  0.0000011008
1375.5  0.0000012668
1380.5  9.028e-7
1385.5  6.622e-7
1390.5  4.429e-7
1395.5  2.4272e-7
1400.5  1.4904e-7
1405.5  1.0646e-7
1410.5  6.387e-8
1415.5  5.11e-8
1420.5  4.471e-8
1425.5  2.555e-8
1430.5  1.9162e-8
1435.5  1.4904e-8
1440.5  8.517e-9
1445.5  6.387e-9
1450.5  4.258e-9
1455.5  2.1291e-9
1460.5  2.1291e-9
1465.5  2.1291e-9
1470.5  0
