# Name: T2T3-T3T4
# Variable_type: slip rate
# Unit: mm/y
16.9876791196,4.9996025411831975e-05
17.1876980195,4.999602541183286e-05
17.3877169194,0.0
17.5877358192,4.9996025411831975e-05
17.7877547191,4.999602541183286e-05
17.987773619,0.0
18.1877925188,0.0
18.3878114187,9.999205082366572e-05
18.5878303186,0.0
18.7878492184,9.999205082366572e-05
18.9878681183,0.0001999841016473279
19.1878870182,9.999205087365615e-05
19.387905918,0.00014998807623549861
19.5879248179,0.00029997615247099186
19.7879437178,0.0004999602543682807
19.9879626176,0.0004999602541183287
20.1879815175,0.0005999523049419837
20.3880004174,0.0007499403815524211
20.5880193172,0.0006499483303538271
20.7880382171,0.0006499483303538156
20.988057117,0.001249900635920702
21.1880760168,0.0010499165336484901
21.3880949167,0.0010999125590603035
21.5881138166,0.0015498767885416703
21.7881327164,0.001949844991061447
21.9881516163,0.001999841016473315
22.1881705162,0.0015498767885416703
22.388189416,0.003099753575533582
22.5882083159,0.0028497734484744736
22.7882272158,0.00389968998407259
22.9882461156,0.003599713829651902
23.1882650155,0.004549638312476791
23.3882839154,0.004649630365625011
23.5883028152,0.00479961843953587
23.7883217151,0.006049519074831776
23.988340615,0.0048996104928091515
24.1883595148,0.005749542922360677
24.3883784147,0.006949447532244645
24.5883973146,0.007149431637466414
24.7884162144,0.008699308421658919
24.9884351143,0.008399332269187772
25.1884540142,0.008349336247950288
25.388472914,0.00999920508236657
25.5884918139,0.009199268675777085
25.7885107138,0.010199189189112928
25.9885296136,0.010849137514367732
26.1885485135,0.011099117641426699
26.3885674134,0.011849058028528254
26.5885863132,0.012249026225899053
26.7886052131,0.013348938784959139
26.988624113,0.012199030206586048
27.1886430128,0.014198871216960281
27.3886619127,0.014448851344019697
27.5886808126,0.014248867249496
27.7886997124,0.01539877582684425
27.9887186123,0.01604872415719835
28.1887375122,0.015098799681922077
28.388756412,0.01464883544566677
28.5887753119,0.015948732106374684
28.7887942118,0.018248549284442243
28.9888131116,0.016548684411316385
29.1888320115,0.017348620817906002
29.3888509114,0.017848581080947626
29.5888698112,0.020348382342615618
29.7888887111,0.019598441961438482
29.988907611,0.01969843402211026
30.1889265108,0.020898338622145764
30.3889454107,0.020098402215556452
30.5889643106,0.02209824324307801
30.7889832104,0.02199825118120646
30.9890021103,0.02139829887626409
31.1890210102,0.0231481597772514
31.38903991,0.022698195536972117
31.5890588099,0.023248151816501868
31.7890777098,0.02389810015880382
31.9890966096,0.022698195536972117
32.1891155095,0.022098243232029732
32.3891344094,0.023048167726377744
32.5891533092,0.024198076299326677
32.7891722091,0.02534798488379971
32.989191109,0.023148159777250578
33.1892100088,0.023348143867326365
33.3892289087,0.02304816771485454
33.5892478086,0.02384810413336699
33.7892667084,0.025247992832975148
33.9892856083,0.025297988858386983
34.1893045082,0.023348143878998712
34.389323408,0.02534798488379971
34.5893423079,0.025447976934622477
34.7893612078,0.024548048489482582
34.9893801076,0.02559796501085797
35.1893990075,0.023498131943561026
35.3894179074,0.02489802066754038
35.5894368072,0.023548127968973695
35.7894557071,0.02574795308709347
35.989474607,0.025747953099966456
36.1894935068,0.024648040528033162
36.3895124067,0.0245480484772095
36.5895313066,0.024548048489482582
36.7895502064,0.022598203486148053
36.9895691063,0.02534798488379971
37.1895880062,0.024248072336861614
37.389606906,0.024948016680504156
37.5896258059,0.02484802464210355
37.7896447057,0.02499801270591599
37.9896636056,0.026047929239564456
38.1896825055,0.024348064387735274
38.3897014053,0.023998092197680197
38.5897203052,0.023998092197679347
38.7897392051,0.026297909379771563
38.9897581049,0.025847945137917133
39.1897770048,0.022298227333677062
39.3897959047,0.02699785373588716
39.5898148045,0.02519799680756332
39.7898337044,0.02464804052803404
39.9898526043,0.025647961049092803
40.1898715041,0.024298068350150342
40.389890404,0.025447976934622477
40.5899093039,0.024498052464045756
40.7899282037,0.0232981478419137
40.9899471036,0.024698036553445876
41.1899660035,0.023298147853561883
41.3899849033,0.024598044502621333
41.5900038032,0.02374811207062019
41.7900227031,0.024998012718414037
41.9900416029,0.025447976934622477
42.1900605028,0.02389810014685569
42.3900794027,0.02389810015880382
42.5900983025,0.023398139892738194
42.7901172024,0.023448135918149197
42.9901361023,0.023998092209677475
43.1901550021,0.02239821938450072
43.390173902,0.02359812399438469
43.5901928019,0.0227981875991936
43.7902117017,0.022848183613208024
43.9902306016,0.022748191562383547
44.1902495015,0.022848183624630432
44.3902684013,0.025547968985446142
44.5902873012,0.023348143867325533
44.7903062011,0.02349813195530919
44.9903251009,0.022098243232029732
45.1903440008,0.021748271054147682
45.3903629007,0.024148080285987958
45.5903818005,0.022798187587795383
45.7904007004,0.020598362469674773
45.9904196003,0.020948334658030962
46.1904385001,0.020948334647557597
46.3904574,0.02099833067297017
46.5904762999,0.020598362479973164
46.7904951997,0.020898338622145764
46.9905140996,0.02339813989273736
47.1905329995,0.02209824324307801
47.3905518993,0.022298227333677062
47.5905707992,0.019148477732731647
47.7905896991,0.021898259141330693
47.9906085989,0.018398537351554823
48.1906274988,0.022298227333677062
48.3906463987,0.020698354530846824
48.5906652985,0.020448374393439276
48.7906841984,0.020498370418851112
48.9907030983,0.018348541335315903
49.1907219981,0.02139829887626485
49.390740898,0.019548445936026306
49.5907597979,0.0202983863273522
49.7907786977,0.01839853735155417
49.9907975976,0.020398378368027447
50.1908164975,0.017698593004637136
50.3908353973,0.019048485681907982
50.5908542972,0.019648437986850665
50.7908731971,0.017398616852016168
50.9908920969,0.01869851350402516
51.1909109968,0.01874850952943699
51.3909298967,0.018898497615121013
51.5909487965,0.01824854927531867
51.7909676964,0.017948573122848317
51.9909865963,0.01794857313182128
52.1910054961,0.01714863671625837
52.391024396,0.01779858504661218
52.5910432959,0.017798585055510793
52.7910621957,0.017448612868729358
52.9910810956,0.01704864466543531
53.1910999955,0.01714863672483142
53.3911188953,0.01654868441131697
53.5911377952,0.016598680436728217
53.7911566951,0.016748668521337405
53.9911755949,0.015748748004727073
54.1911944948,0.01739861684331753
54.3912133947,0.017548604928326654
54.5912322945,0.017148636716258978
54.7912511944,0.01614871620802173
54.9912700943,0.015348779809106218
55.1912889941,0.015998728131786235
55.391307894,0.016248708258845394
55.5913267939,0.01479882352930111
55.7913456937,0.014898815572726458
55.9913645936,0.01569875197931524
56.1913834935,0.015898736088911326
56.3914023933,0.01464883544566677
56.5914212932,0.016398696335080887
56.7914401931,0.015398775834543046
56.9914590929,0.016848660563787376
57.1914779928,0.014198871216960786
57.3914968927,0.015898736088911326
57.5915157925,0.012698990454605322
57.7915346924,0.013298942759547306
57.9915535923,0.013698910969690893
58.1915724921,0.014548843394843107
58.391591392,0.015148795699785625
58.5916102919,0.01294897058813847
58.7916291917,0.013198950708723641
58.9916480916,0.013798903013665627
59.1916669915,0.014098879173185516
59.3916858913,0.013998887115312953
59.5917047912,0.013198950708723641
59.7917236911,0.012998966613575299
59.9917425909,0.012898974556253108
60.1917614908,0.012798982505428986
60.3917803907,0.013048962639012129
60.5917992905,0.01369891096284196
60.7918181904,0.013648914937430128
60.9918370903,0.012399014308333362
61.1918559901,0.013948891089901617
61.39187489,0.012948970581664481
61.5918937899,0.013148954689885781
61.7919126897,0.013248946734135474
61.9919315896,0.011399093793897691
62.1919504895,0.01244901033377019
62.3919693893,0.01164907392095685
62.5919882892,0.011749065971780931
62.7920071891,0.011299101748723145
62.9920260889,0.012349018276722499
63.1920449888,0.012848978530840818
63.3920638887,0.011649073926780941
63.5920827885,0.012199030200487002
63.7921016884,0.012199030200487437
63.9921205883,0.011249105723286317
64.1921394881,0.011849058022604178
64.392158388,0.009899213031542732
64.5921772879,0.012399014308333362
64.7921961877,0.011899054048016012
64.9922150876,0.010749145463543877
65.1922339875,0.010699149443481208
65.3922528873,0.010199189184013724
65.5922717872,0.00964923290448357
65.7922906871,0.010949129570665347
65.9923095869,0.011249105717662994
66.1923284868,0.011149113666838531
66.3923473867,0.010699149443481208
66.5923662865,0.009549240853659909
66.7923851864,0.00964923290448357
66.9924040863,0.009799220985618303
67.1924229861,0.010299181234837387
67.392441886,0.011149113666838531
67.5924607859,0.009399252782123679
67.7924796857,0.009149272650365253
67.9924985856,0.010649153412720212
68.1925174855,0.010249185214549756
68.3925363853,0.009499244828248076
68.5925552852,0.010049201107778941
68.7925741851,0.00984921701105513
68.9925930849,0.009799220980719068
69.1926119848,0.009199268675777085
69.3926308847,0.009549240858434161
69.5926497845,0.00934925675201258
69.7926686844,0.009149272650365253
69.9926875843,0.009249264705813194
70.1927064841,0.009449248802836244
70.392725384,0.00959923687907174
70.5927442839,0.009999205087365615
70.7927631837,0.010299181234837387
70.9927820836,0.010099197138239271
71.1928009834,0.008399332269187772
71.3928198833,0.010699149438132804
71.5928387832,0.008099356120766147
71.792857683,0.007599395862598461
71.9928765829,0.009149272650365253
72.1928954828,0.008299340222513461
72.3929143826,0.00889929252330609
72.5929332825,0.008749304447070595
72.7929521824,0.008899292527755396
72.9929710822,0.00889929252330609
73.1929899821,0.007799379964245788
73.393008882,0.00804936009532932
73.5930277818,0.008299340218364109
73.7930466817,0.0085993163708351
73.9930655816,0.008749304451444912
74.1930844814,0.006699467405185962
74.3931033813,0.008499324320011437
74.5931222812,0.00909927662950271
74.793141181,0.008299340218364109
74.9931600809,0.007299419710127469
75.1931789808,0.005399570747177432
75.3931978806,0.008749304447070595
75.5932167805,0.006999443557656477
75.7932356804,0.008449328298823945
75.9932545802,0.007499403811774796
76.1932734801,0.008249344192952276
76.39329238,0.007399411764650555
76.5933112798,0.007099435608480141
76.7933301797,0.005949527024008428
76.9933490796,0.006949447535719103
77.1933679794,0.006349495227302661
77.3933868793,0.007249423684715637
77.5934057792,0.007699387917271523
77.793424679,0.006399491252714493
77.9934435789,0.006799459456009148
78.1934624788,0.007249423688340071
78.3934813786,0.006799459456009148
78.5935002785,0.005799538947772509
78.7935191784,0.006299499205040337
78.9935380782,0.006799459456009148
79.1935569781,0.006649471379774125
79.393575878,0.006249503179603065
79.5935947778,0.0071494316338924805
79.7936136777,0.006499483303538157
79.9936325776,0.006449487281350822
80.1936514774,0.005199586642830525
80.3936703773,0.006499483303538157
80.5936892772,0.005049598569119636
80.793708177,0.005949527024008006
80.9937270769,0.005149590617418693
81.1937459768,0.006349495230477165
81.3937648766,0.00559955484612518
81.5937837765,0.007999364065893117
81.7938026764,0.00674946343397179
81.9938215762,0.005449566769890073
82.1938404761,0.006199507151067164
82.393859376,0.005799538950672057
82.5938782758,0.006349495227302661
82.7938971757,0.004349654210829382
82.9939160756,0.00674946343397179
83.1939349754,0.005899530998596173
83.3939538753,0.005349574719066022
83.5939727752,0.006149511128729853
83.793991675,0.005899530998596173
83.9940105749,0.006199507151067164
84.1940294748,0.005499562798051088
84.3940483746,0.005499562795301517
84.5940672745,0.005949527024008428
84.7940861744,0.006449487281350822
84.9941050742,0.005349574719066022
85.1941239741,0.005949527024008006
85.394142874,0.00494960651824598
85.5941617738,0.005799538947772509
85.7941806737,0.006599475354361821
85.9941995736,0.0047996184419354946
86.1942184734,0.007049439583068308
86.3942373733,0.004949606515771366
86.5942562732,0.005299578696303775
86.794275173,0.005549558820713349
86.9942940729,0.005799538947772509
87.1943129728,0.0047996184419354946
87.3943318726,0.005449566769890073
87.5943507725,0.004649630363300373
87.7943696724,0.004199666136693559
87.9943885722,0.00559955484612518
88.1944074721,0.005399570744477853
88.394426372,0.004999602543682808
88.5944452718,0.004199666134593886
88.7944641717,0.005999523049419837
88.9944830716,0.004699626391061839
89.1945019714,0.0034997217788282384
89.3945208713,0.0052495826682423564
89.5945397712,0.00674946343397179
89.794558671,0.004849614464947701
89.9945775709,0.0047996184395362115
90.1945964708,0.004249662162130387
90.3946153706,0.003999682032946559
90.5946342705,0.004149670109182054
90.7946531704,0.004649630365625011
90.9946720702,0.004499642287064878
91.1946909701,0.00559955484612518
91.39470987,0.004249662162130387
91.5947287698,0.004599634337888543
91.7947476697,0.004549638312476709
91.9947665696,0.004449646263877698
92.1947854694,0.004849614464947701
92.3948043693,0.0037996979312992303
92.5948232692,0.004449646263877698
92.794842169,0.004099674083770513
92.9948610689,0.004749622414124038
93.1948799688,0.003999682034946246
93.3948988686,0.004599634337888543
93.5949177685,0.00429965818541755
93.7949366684,0.0047996184419354946
93.9949555682,0.004999602541183197
94.1949744681,0.004449646261653045
94.394993368,0.003649709856888449
94.5950122678,0.004249662160005718
94.7950311677,0.004449646261653045
94.9950500676,0.004099674085819903
95.1950689674,0.004399650236241214
95.3950878673,0.0037996979312995
95.5951067672,0.004049678060383074
95.795125667,0.004099674083770222
95.9951445669,0.0037996979312992303
96.1951634668,0.002499801271841404
96.3951823666,0.0036497098550637343
96.5952012665,0.0038496939567110623
96.7952201664,0.004599634340188183
96.9952390662,0.0038496939567110623
97.1952579661,0.004149670109182054
97.395276866,0.003499721780577965
97.5952957658,0.0033497337025927424
97.7953146657,0.0038496939567110623
97.9953335656,0.0039496860095094176
98.1953524654,0.0035497178042403228
98.3953713653,0.00279977742306259
98.5953902652,0.004149670111256731
98.795409165,0.0029497654992980864
98.9954280649,0.003599713829651902
99.1954469648,0.003049757551646512
99.3954658646,0.0027497813976507584
99.5954847645,0.0032497416517690784
99.7955036644,0.0037497019077621053
99.9955225642,0.0
